1	120
2	167
3	172
4	110
5	119
6	130
7	158
8	126
9	133
10	192
11	142
12	109
13	103
14	176
15	136
16	107
17	120
18	191
19	181
20	172
21	159
22	129
23	174
24	168
25	131
26	143
27	197
28	184
29	136
30	115
31	110
32	103
33	147
34	150
35	100
36	174
37	135
38	172
39	147
40	167
41	103
42	139
43	131
44	189
45	199
46	100
47	122
48	146
49	188
50	154
51	108
52	156
53	176
54	190
55	110
56	165
57	103
58	117
59	194
60	125
61	124
62	121
63	190
64	122
65	129
66	173
67	112
68	137
69	152
70	161
71	196
72	101
73	139
74	149
75	116
76	101
77	168
78	187
79	177
80	174
81	131
82	184
83	157
84	154
85	112
86	188
87	105
88	172
89	136
90	130
91	132
92	173
93	104
94	137
95	195
96	197
97	186
98	148
99	145
100	102
101	151
102	160
103	106
104	100
105	125
106	160
107	197
108	138
109	170
110	198
111	179
112	192
113	122
114	150
115	169
116	129
117	129
118	146
119	137
120	111
121	115
122	101
123	179
124	119
125	163
126	180
127	147
128	178
129	167
130	115
131	186
132	143
133	108
134	149
135	158
136	150
137	135
138	131
139	116
140	199
141	169
142	186
143	104
144	198
145	172
146	137
147	183
148	120
149	127
150	149
151	152
152	127
153	187
154	197
155	156
156	199
157	179
158	169
159	117
160	197
161	129
162	177
163	175
164	161
165	103
166	110
167	186
168	160
169	183
170	103
171	162
172	161
173	152
174	158
175	184
176	154
177	183
178	149
179	105
180	156
181	184
182	104
183	137
184	146
185	162
186	171
187	140
188	153
189	197
190	168
191	160
192	163
193	120
194	107
195	174
196	194
197	158
198	163
199	181
200	190
201	186
202	193
203	100
204	200
205	183
206	160
207	194
208	193
209	166
210	185
211	113
212	168
213	171
214	140
215	112
216	144
217	149
218	200
219	196
220	101
221	198
222	167
223	196
224	102
225	104
226	200
227	175
228	152
229	177
230	147
231	145
232	135
233	159
234	199
235	174
236	111
237	166
238	158
239	175
240	151
241	109
242	128
243	192
244	142
245	153
246	191
247	120
248	126
249	171
250	125
251	138
252	171
253	126
254	113
255	125
256	158
257	186
258	164
259	162
260	186
261	127
262	101
263	196
264	174
265	101
266	140
267	182
268	133
269	141
270	118
271	173
272	126
273	169
274	140
275	132
276	169
277	103
278	185
279	127
280	152
281	161
282	154
283	113
284	138
285	190
286	196
287	167
288	192
289	191
290	136
291	149
292	132
293	113
294	149
295	119
296	123
297	122
298	152
299	183
300	167
301	127
302	192
303	137
304	175
305	182
306	185
307	164
308	196
309	187
310	149
311	157
312	173
313	197
314	119
315	133
316	148
317	118
318	113
319	118
320	132
321	136
322	200
323	178
324	183
325	141
326	177
327	194
328	109
329	166
330	139
331	113
332	200
333	129
334	107
335	101
336	171
337	154
338	121
339	150
340	140
341	175
342	163
343	154
344	116
345	142
346	187
347	160
348	127
349	145
350	185
351	105
352	110
353	116
354	120
355	164
356	110
357	149
358	105
359	125
360	174
361	114
362	154
363	166
364	120
365	130
366	113
367	183
368	191
369	152
370	122
371	109
372	130
373	103
374	152
375	132
376	157
377	191
378	193
379	181
380	145
381	102
382	136
383	188
384	154
385	168
386	145
387	175
388	144
389	140
390	181
391	192
392	187
393	145
394	164
395	132
396	198
397	142
398	134
399	181
400	125
401	104
402	131
403	124
404	196
405	186
406	123
407	178
408	110
409	132
410	180
411	157
412	177
413	167
414	120
415	163
416	137
417	121
418	199
419	131
420	157
421	124
422	131
423	164
424	130
425	143
426	148
427	160
428	183
429	154
430	118
431	104
432	163
433	112
434	160
435	121
436	113
437	116
438	123
439	117
440	187
441	108
442	101
443	124
444	184
445	115
446	171
447	165
448	193
449	115
450	174
451	147
452	171
453	180
454	187
455	171
456	171
457	193
458	119
459	123
460	108
461	151
462	131
463	127
464	200
465	116
466	167
467	163
468	177
469	122
470	110
471	125
472	179
473	117
474	105
475	119
476	196
477	101
478	105
479	124
480	187
481	124
482	198
483	166
484	118
485	100
486	127
487	178
488	173
489	165
490	171
491	124
492	133
493	193
494	127
495	185
496	163
497	185
498	125
499	129
500	116
501	149
502	200
503	110
504	181
505	121
506	166
507	114
508	200
509	114
510	104
511	137
512	190
513	185
514	126
515	189
516	188
517	192
518	139
519	159
520	168
521	175
522	177
523	161
524	191
525	110
526	160
527	192
528	151
529	191
530	139
531	179
532	155
533	129
534	138
535	138
536	106
537	173
538	168
539	118
540	124
541	170
542	126
543	150
544	144
545	148
546	169
547	118
548	143
549	144
550	152
551	159
552	116
553	162
554	170
555	135
556	164
557	192
558	122
559	106
560	157
561	161
562	115
563	160
564	151
565	118
566	195
567	110
568	123
569	166
570	149
571	193
572	149
573	188
574	113
575	144
576	107
577	168
578	157
579	126
580	126
581	106
582	141
583	182
584	100
585	154
586	111
587	113
588	170
589	183
590	193
591	138
592	104
593	182
594	186
595	109
596	151
597	148
598	107
599	125
600	109
601	138
602	189
603	107
604	179
605	195
606	160
607	190
608	173
609	157
610	134
611	195
612	118
613	193
614	138
615	189
616	156
617	116
618	103
619	165
620	137
621	128
622	151
623	101
624	141
625	187
626	200
627	158
628	121
629	128
630	176
631	181
632	112
633	155
634	101
635	143
636	105
637	190
638	197
639	173
640	157
641	190
642	152
643	100
644	168
645	127
646	193
647	184
648	181
649	186
650	196
651	130
652	181
653	122
654	186
655	186
656	175
657	100
658	180
659	166
660	189
661	178
662	156
663	119
664	119
665	160
666	145
667	131
668	137
669	127
670	199
671	157
672	157
673	159
674	152
675	193
676	174
677	154
678	138
679	146
680	188
681	114
682	130
683	116
684	120
685	111
686	110
687	166
688	155
689	194
690	163
691	149
692	200
693	185
694	154
695	119
696	147
697	146
698	124
699	123
700	121
701	172
702	169
703	101
704	146
705	174
706	120
707	160
708	100
709	107
710	133
711	182
712	127
713	131
714	180
715	166
716	130
717	121
718	123
719	194
720	158
721	166
722	183
723	185
724	140
725	172
726	177
727	126
728	165
729	115
730	164
731	143
732	161
733	154
734	111
735	137
736	200
737	162
738	159
739	142
740	150
741	110
742	178
743	165
744	166
745	194
746	178
747	102
748	145
749	137
750	141
751	106
752	100
753	115
754	130
755	135
756	132
757	142
758	147
759	123
760	143
761	119
762	142
763	107
764	125
765	161
766	163
767	177
768	114
769	153
770	152
771	108
772	145
773	154
774	100
775	183
776	190
777	168
778	186
779	177
780	183
781	188
782	197
783	142
784	130
785	189
786	107
787	156
788	136
789	120
790	150
791	167
792	176
793	186
794	108
795	150
796	191
797	181
798	110
799	133
800	174
801	189
802	162
803	147
804	166
805	108
806	195
807	164
808	113
809	116
810	111
811	103
812	158
813	164
814	184
815	162
816	181
817	105
818	164
819	190
820	189
821	160
822	101
823	122
824	112
825	118
826	195
827	112
828	186
829	158
830	108
831	119
832	175
833	157
834	166
835	152
836	140
837	140
838	185
839	122
840	100
841	144
842	117
843	138
844	164
845	120
846	166
847	128
848	158
849	105
850	163
851	110
852	186
853	179
854	181
855	119
856	191
857	193
858	144
859	173
860	180
861	155
862	139
863	172
864	183
865	123
866	144
867	161
868	160
869	138
870	101
871	126
872	105
873	152
874	154
875	139
876	172
877	164
878	160
879	143
880	136
881	130
882	143
883	197
884	179
885	188
886	199
887	159
888	124
889	125
890	104
891	148
892	117
893	153
894	112
895	109
896	200
897	123
898	183
899	101
900	190
901	130
902	190
903	190
904	152
905	145
906	174
907	167
908	185
909	191
910	154
911	184
912	110
913	168
914	176
915	171
916	198
917	114
918	194
919	126
920	150
921	100
922	139
923	176
924	109
925	146
926	124
927	123
928	152
929	182
930	199
931	153
932	181
933	151
934	193
935	177
936	187
937	193
938	111
939	111
940	116
941	145
942	117
943	172
944	158
945	150
946	108
947	178
948	174
949	175
950	106
951	145
952	113
953	144
954	103
955	161
956	151
957	183
958	103
959	122
960	134
961	162
962	165
963	123
964	158
965	195
966	164
967	147
968	178
969	182
970	129
971	179
972	189
973	125
974	114
975	127
976	159
977	133
978	162
979	150
980	191
981	199
982	150
983	156
984	109
985	107
986	158
987	191
988	169
989	162
990	155
991	190
992	197
993	124
994	162
995	132
996	174
997	129
998	178
999	195
1000	143
1001	199.857897953
1002	199.708690803
1003	199.552023296
1004	199.387522413
1005	199.214796486
1006	199.033434263
1007	198.843003929
1008	198.643052078
1009	198.433102634
1010	198.212655719
1011	197.981186457
1012	197.738143733
1013	197.482948872
1014	197.214994268
1015	196.933641934
1016	196.638221984
1017	196.328031035
1018	196.00233054
1019	195.660345019
1020	195.301260223
1021	194.924221187
1022	194.528330198
1023	194.112644661
1024	193.676174847
1025	193.217881542
1026	192.736673571
1027	192.231405202
1028	191.700873415
1029	191.143815039
1030	190.558903743
1031	189.944746883
1032	189.29988218
1033	188.622774241
1034	187.911810906
1035	187.165299404
1036	186.381462326
1037	185.558433395
1038	184.694253018
1039	183.786863621
1040	182.834104755
1041	181.833707945
1042	180.783291295
1043	179.680353812
1044	178.522269456
1045	177.306280881
1046	176.029492878
1047	174.688865474
1048	173.2812067
1049	171.803164988
1050	170.25122119
1051	168.621680202
1052	166.910662165
1053	165.114093226
1054	163.22769584
1055	161.246978584
1056	159.167225466
1057	156.983484692
1058	154.690556879
1059	152.282982676
1060	149.755029762
1061	147.100679203
1062	144.313611116
1063	141.387189624
1064	138.314447058
1065	135.088067363
1066	131.700368684
1067	128.143285071
1068	124.408347277
1069	120.486662593
1070	116.368893676
1071	112.045236312
1072	107.50539608
1073	102.738563837
1074	97.7333899814
1075	92.477957433
1076	86.9597532573
1077	81.1656388728
1078	75.081818769
1079	68.6938076601
1080	61.9863959957
1081	54.943613748
1082	47.548692388
1083	39.78402496
1084	31.6311241607
1085	23.0705783213
1086	14.08200519
1087	4.64400340205
1088	0
1089	0
1090	0
1091	0
1092	0
1093	0
1094	0
1095	0
1096	0
1097	0
1098	0
1099	0
1100	0
1101	0
1102	0
1103	0
1104	0
1105	0
1106	0
1107	0
1108	0
1109	0
1110	0
1111	0
1112	0
1113	0
1114	0
1115	0
1116	0
1117	0
1118	0
1119	0
1120	0
1121	0
1122	0
1123	0
1124	0
1125	0
1126	0
1127	0
1128	0
1129	0
1130	0
1131	0
1132	0
1133	0
1134	0
1135	0
1136	0
1137	0
1138	0
1139	0
1140	0
1141	0
1142	0
1143	0
1144	0
1145	0
1146	0
1147	0
1148	0
1149	0
1150	0
1151	0
1152	0
1153	0
1154	0
1155	0
1156	0
1157	0
1158	0
1159	0
1160	0
1161	0
1162	0
1163	0
1164	0
1165	0
1166	0
1167	0
1168	0
1169	0
1170	0
1171	0
1172	0
1173	0
1174	0
1175	0
1176	0
1177	0
1178	0
1179	0
1180	0
1181	0
1182	0
1183	0
1184	0
1185	0
1186	0
1187	0
1188	0
1189	0
1190	0
1191	0
1192	0
1193	0
1194	0
1195	0
1196	0
1197	0
1198	0
1199	0
1200	0
1201	0
1202	0
1203	0
1204	0
1205	0
1206	0
1207	0
1208	0
1209	0
1210	0
1211	0
1212	0
1213	0
1214	0
1215	0
1216	0
1217	0
1218	0
1219	0
1220	0
1221	0
1222	0
1223	0
1224	0
1225	0
1226	0
1227	0
1228	0
1229	0
1230	0
1231	0
1232	0
1233	0
1234	0
1235	0
1236	0
1237	0
1238	0
1239	0
1240	0
1241	0
1242	0
1243	0
1244	0
1245	0
1246	0
1247	0
1248	0
1249	0
1250	0
1251	0
1252	0
1253	0
1254	0
1255	0
1256	0
1257	0
1258	0
1259	0
1260	0
1261	0
1262	0
1263	0
1264	0
1265	0
1266	0
1267	0
1268	0
1269	0
1270	0
1271	0
1272	0
1273	0
1274	0
1275	0
1276	0
1277	0
1278	0
1279	0
1280	0
1281	0
1282	0
1283	0
1284	0
1285	0
1286	0
1287	0
1288	0
1289	0
1290	0
1291	0
1292	0
1293	0
1294	0
1295	0
1296	0
1297	0
1298	0
1299	0
1300	0
1301	0
1302	0
1303	0
1304	0
1305	0
1306	0
1307	0
1308	0
1309	0
1310	0
1311	0
1312	0
1313	0
1314	0
1315	0
1316	0
1317	0
1318	0
1319	0
1320	0
1321	0
1322	0
1323	0
1324	0
1325	0
1326	0
1327	0
1328	0
1329	0
1330	0
1331	0
1332	0
1333	0
1334	0
1335	0
1336	0
1337	0
1338	0
1339	0
1340	0
1341	0
1342	0
1343	0
1344	0
1345	0
1346	0
1347	0
1348	0
1349	0
1350	0
1351	0
1352	0
1353	0
1354	0
1355	0
1356	0
1357	0
1358	0
1359	0
1360	0
1361	0
1362	0
1363	0
1364	0
1365	0
1366	0
1367	0
1368	0
1369	0
1370	0
1371	0
1372	0
1373	0
1374	0
1375	0
1376	0
1377	0
1378	0
1379	0
1380	0
1381	0
1382	0
1383	0
1384	0
1385	0
1386	0
1387	0
1388	0
1389	0
1390	0
1391	0
1392	0
1393	0
1394	0
1395	0
1396	0
1397	0
1398	0
1399	0
1400	0
1401	0
1402	0
1403	0
1404	0
1405	0
1406	0
1407	0
1408	0
1409	0
1410	0
1411	0
1412	0
1413	0
1414	0
1415	0
1416	0
1417	0
1418	0
1419	0
1420	0
1421	0
1422	0
1423	0
1424	0
1425	0
1426	0
1427	0
1428	0
1429	0
1430	0
1431	0
1432	0
1433	0
1434	0
1435	0
1436	0
1437	0
1438	0
1439	0
1440	0
1441	0
1442	0
1443	0
1444	0
1445	0
1446	0
1447	0
1448	0
1449	0
1450	0
1451	0
1452	0
1453	0
1454	0
1455	0
1456	0
1457	0
1458	0
1459	0
1460	0
1461	0
1462	0
1463	0
1464	0
1465	0
1466	0
1467	0
1468	0
1469	0
1470	0
1471	0
1472	0
1473	0
1474	0
1475	0
1476	0
1477	0
1478	0
1479	0
1480	0
1481	0
1482	0
1483	0
1484	0
1485	0
1486	0
1487	0
1488	0
1489	0
1490	0
1491	0
1492	0
1493	0
1494	0
1495	0
1496	0
1497	0
1498	0
1499	0
1500	0
1501	0
1502	0
1503	0
1504	0
1505	0
1506	0
1507	0
1508	0
1509	0
1510	0
1511	0
1512	0
1513	0
1514	0
1515	0
1516	0
1517	0
1518	0
1519	0
1520	0
1521	0
1522	0
1523	0
1524	0
1525	0
1526	0
1527	0
1528	0
1529	0
1530	0
1531	0
1532	0
1533	0
1534	0
1535	0
1536	0
1537	0
1538	0
1539	0
1540	0
1541	0
1542	0
1543	0
1544	0
1545	0
1546	0
1547	0
1548	0
1549	0
1550	0
1551	0
1552	0
1553	0
1554	0
1555	0
1556	0
1557	0
1558	0
1559	0
1560	0
1561	0
1562	0
1563	0
1564	0
1565	0
1566	0
1567	0
1568	0
1569	0
1570	0
1571	0
1572	0
1573	0
1574	0
1575	0
1576	0
1577	0
1578	0
1579	0
1580	0
1581	0
1582	0
1583	0
1584	0
1585	0
1586	0
1587	0
1588	0
1589	130
1590	153
1591	108
1592	191
1593	185
1594	141
1595	177
1596	182
1597	165
1598	115
1599	129
1600	166
1601	189
1602	187
1603	134
1604	147
1605	175
1606	118
1607	142
1608	129
1609	124
1610	130
1611	131
1612	165
1613	112
1614	186
1615	116
1616	175
1617	173
1618	128
1619	200
1620	116
1621	104
1622	131
1623	181
1624	155
1625	139
1626	196
1627	195
1628	117
1629	144
1630	126
1631	198
1632	116
1633	165
1634	183
1635	126
1636	197
1637	184
1638	198
1639	134
1640	147
1641	122
1642	111
1643	183
1644	115
1645	108
1646	149
1647	177
1648	146
1649	178
1650	196
1651	169
1652	138
1653	121
1654	165
1655	184
1656	135
1657	174
1658	113
1659	132
1660	105
1661	136
1662	138
1663	160
1664	136
1665	139
1666	126
1667	103
1668	196
1669	104
1670	180
1671	181
1672	154
1673	166
1674	173
1675	108
1676	134
1677	145
1678	117
1679	144
1680	142
1681	125
1682	145
1683	102
1684	133
1685	112
1686	132
1687	194
1688	157
1689	183
1690	156
1691	157
1692	102
1693	165
1694	109
1695	133
1696	195
1697	165
1698	178
1699	115
1700	147
1701	173
1702	150
1703	162
1704	177
1705	116
1706	123
1707	100
1708	193
1709	143
1710	180
1711	148
1712	157
1713	176
1714	142
1715	166
1716	144
1717	157
1718	192
1719	164
1720	140
1721	199
1722	199
1723	169
1724	183
1725	170
1726	182
1727	152
1728	103
1729	137
1730	101
1731	190
1732	186
1733	137
1734	171
1735	112
1736	140
1737	118
1738	178
1739	147
1740	176
1741	139
1742	183
1743	170
1744	155
1745	127
1746	102
1747	158
1748	112
1749	174
1750	163
1751	200
1752	141
1753	185
1754	118
1755	131
1756	103
1757	136
1758	118
1759	124
1760	170
1761	146
1762	124
1763	148
1764	172
1765	161
1766	196
1767	160
1768	138
1769	114
1770	172
1771	108
1772	110
1773	180
1774	112
1775	162
1776	131
1777	133
1778	177
1779	135
1780	118
1781	113
1782	131
1783	171
1784	190
1785	193
1786	161
1787	174
1788	143
1789	199
1790	126
1791	177
1792	140
1793	115
1794	159
1795	185
1796	191
1797	200
1798	174
1799	196
1800	161
1801	199
1802	176
1803	162
1804	167
1805	176
1806	178
1807	121
1808	121
1809	146
1810	140
1811	101
1812	111
1813	144
1814	111
1815	144
1816	122
1817	106
1818	117
1819	148
1820	151
1821	156
1822	122
1823	157
1824	173
1825	171
1826	131
1827	138
1828	102
1829	138
1830	182
1831	193
1832	112
1833	149
1834	187
1835	192
1836	116
1837	132
1838	111
1839	182
1840	132
1841	134
1842	151
1843	155
1844	120
1845	188
1846	184
1847	185
1848	105
1849	101
1850	118
1851	135
1852	101
1853	200
1854	115
1855	122
1856	192
1857	146
1858	100
1859	119
1860	111
1861	161
1862	174
1863	127
1864	169
1865	113
1866	193
1867	193
1868	179
1869	135
1870	189
1871	176
1872	164
1873	112
1874	143
1875	182
1876	109
1877	124
1878	135
1879	132
1880	117
1881	123
1882	167
1883	109
1884	119
1885	147
1886	182
1887	182
1888	171
1889	159
1890	102
1891	159
1892	149
1893	142
1894	188
1895	130
1896	189
1897	164
1898	116
1899	146
1900	102
1901	200
1902	138
1903	198
1904	200
1905	173
1906	140
1907	102
1908	188
1909	134
1910	155
1911	130
1912	134
1913	123
1914	134
1915	101
1916	172
1917	138
1918	148
1919	113
1920	146
1921	108
1922	137
1923	167
1924	174
1925	101
1926	190
1927	137
1928	142
1929	198
1930	143
1931	188
1932	162
1933	144
1934	178
1935	131
1936	101
1937	155
1938	136
1939	117
1940	156
1941	140
1942	172
1943	141
1944	127
1945	163
1946	189
1947	112
1948	168
1949	145
1950	133
1951	187
1952	198
1953	153
1954	123
1955	167
1956	191
1957	177
1958	166
1959	162
1960	136
1961	107
1962	137
1963	143
1964	142
1965	161
1966	151
1967	101
1968	139
1969	143
1970	124
1971	179
1972	172
1973	105
1974	182
1975	196
1976	144
1977	141
1978	183
1979	143
1980	176
1981	148
1982	159
1983	164
1984	165
1985	121
1986	174
1987	104
1988	149
1989	107
1990	106
1991	148
1992	194
1993	119
1994	154
1995	110
1996	199
1997	141
1998	166
1999	155
2000	104
2001	0
2002	0
2003	0
2004	0
2005	0
2006	0
2007	0
2008	0
2009	0
2010	0
2011	0
2012	0
2013	0
2014	0
2015	0
2016	0
2017	0
2018	0
2019	0
2020	0
2021	0
2022	0
2023	0
2024	0
2025	0
2026	0
2027	0
2028	0
2029	0
2030	0
2031	0
2032	0
2033	0
2034	0
2035	0
2036	0
2037	0
2038	0
2039	0
2040	0
2041	0
2042	0
2043	0
2044	0
2045	0
2046	0
2047	0
2048	0
2049	0
2050	0
2051	0
2052	0
2053	0
2054	0
2055	0
2056	0
2057	0
2058	0
2059	0
2060	0
2061	0
2062	0
2063	0
2064	0
2065	0
2066	0
2067	0
2068	0
2069	0
2070	0
2071	0
2072	0
2073	0
2074	0
2075	0
2076	0
2077	0
2078	0
2079	0
2080	0
2081	0
2082	0
2083	0
2084	0
2085	0
2086	0
2087	0
2088	0
2089	0
2090	0
2091	0
2092	0
2093	0
2094	0
2095	0
2096	0
2097	0
2098	0
2099	0
2100	0
2101	0
2102	0
2103	0
2104	0
2105	0
2106	0
2107	0
2108	0
2109	0
2110	0
2111	0
2112	0
2113	0
2114	0
2115	0
2116	0
2117	0
2118	0
2119	0
2120	0
2121	0
2122	0
2123	0
2124	0
2125	0
2126	0
2127	0
2128	0
2129	0
2130	0
2131	0
2132	0
2133	0
2134	0
2135	0
2136	0
2137	0
2138	0
2139	0
2140	0
2141	0
2142	0
2143	0
2144	0
2145	0
2146	0
2147	0
2148	0
2149	0
2150	0
2151	0
2152	0
2153	0
2154	0
2155	0
2156	0
2157	0
2158	0
2159	0
2160	0
2161	0
2162	0
2163	0
2164	0
2165	0
2166	0
2167	0
2168	0
2169	0
2170	0
2171	0
2172	0
2173	0
2174	0
2175	0
2176	0
2177	0
2178	0
2179	0
2180	0
2181	0
2182	0
2183	0
2184	0
2185	0
2186	0
2187	0
2188	0
2189	0
2190	0
2191	0
2192	0
2193	0
2194	0
2195	0
2196	0
2197	0
2198	0
2199	0
2200	0
2201	0
2202	0
2203	0
2204	0
2205	0
2206	0
2207	0
2208	0
2209	0
2210	0
2211	0
2212	0
2213	0
2214	0
2215	0
2216	0
2217	0
2218	0
2219	0
2220	0
2221	0
2222	0
2223	0
2224	0
2225	0
2226	0
2227	0
2228	0
2229	0
2230	0
2231	0
2232	0
2233	0
2234	0
2235	0
2236	0
2237	0
2238	0
2239	0
2240	0
2241	0
2242	0
2243	0
2244	0
2245	0
2246	0
2247	0
2248	0
2249	0
2250	0
2251	0
2252	0
2253	0
2254	0
2255	0
2256	0
2257	0
2258	0
2259	0
2260	0
2261	0
2262	0
2263	0
2264	0
2265	0
2266	0
2267	0
2268	0
2269	0
2270	0
2271	0
2272	0
2273	0
2274	0
2275	0
2276	0
2277	0
2278	0
2279	0
2280	0
2281	0
2282	0
2283	0
2284	0
2285	0
2286	0
2287	0
2288	0
2289	0
2290	0
2291	0
2292	0
2293	0
2294	0
2295	0
2296	0
2297	0
2298	0
2299	0
2300	0
2301	0
2302	0
2303	0
2304	0
2305	0
2306	0
2307	0
2308	0
2309	0
2310	0
2311	0
2312	0
2313	0
2314	0
2315	0
2316	0
2317	0
2318	0
2319	0
2320	0
2321	0
2322	0
2323	0
2324	0
2325	0
2326	0
2327	0
2328	0
2329	0
2330	0
2331	0
2332	0
2333	0
2334	0
2335	0
2336	0
2337	0
2338	0
2339	0
2340	0
2341	0
2342	0
2343	0
2344	0
2345	0
2346	0
2347	0
2348	0
2349	0
2350	0
2351	0
2352	0
2353	0
2354	0
2355	0
2356	0
2357	0
2358	0
2359	0
2360	0
2361	0
2362	0
2363	0
2364	0
2365	0
2366	0
2367	0
2368	0
2369	0
2370	0
2371	0
2372	0
2373	0
2374	0
2375	0
2376	0
2377	0
2378	0
2379	0
2380	0
2381	0
2382	0
2383	0
2384	0
2385	0
2386	0
2387	0
2388	0
2389	0
2390	0
2391	0
2392	0
2393	0
2394	0
2395	0
2396	0
2397	0
2398	0
2399	0
2400	0
2401	0
2402	0
2403	0
2404	0
2405	0
2406	0
2407	0
2408	0
2409	0
2410	0
2411	0
2412	0
2413	0
2414	0
2415	0
2416	0
2417	0
2418	0
2419	0
2420	0
2421	0
2422	0
2423	0
2424	0
2425	0
2426	0
2427	0
2428	0
2429	0
2430	0
2431	0
2432	0
2433	0
2434	0
2435	0
2436	0
2437	0
2438	0
2439	0
2440	0
2441	0
2442	0
2443	0
2444	0
2445	0
2446	0
2447	0
2448	0
2449	0
2450	0
2451	0
2452	0
2453	0
2454	0
2455	0
2456	0
2457	0
2458	0
2459	0
2460	0
2461	0
2462	0
2463	0
2464	0
2465	0
2466	0
2467	0
2468	0
2469	0
2470	0
2471	0
2472	0
2473	0
2474	0
2475	0
2476	0
2477	0
2478	0
2479	0
2480	0
2481	0
2482	0
2483	0
2484	0
2485	0
2486	0
2487	0
2488	0
2489	0
2490	0
2491	0
2492	0
2493	0
2494	0
2495	0
2496	0
2497	0
2498	0
2499	0
2500	0
2501	123
2502	143
2503	107
2504	127
2505	124
2506	162
2507	180
2508	175
2509	150
2510	130
2511	108
2512	171
2513	109
2514	142
2515	142
2516	126
2517	108
2518	135
2519	186
2520	198
2521	175
2522	118
2523	149
2524	183
2525	114
2526	156
2527	154
2528	192
2529	188
2530	133
2531	179
2532	193
2533	121
2534	113
2535	135
2536	188
2537	151
2538	194
2539	181
2540	160
2541	113
2542	142
2543	132
2544	158
2545	113
2546	157
2547	107
2548	184
2549	103
2550	123
2551	112
2552	193
2553	108
2554	148
2555	120
2556	109
2557	174
2558	140
2559	118
2560	145
2561	196
2562	189
2563	183
2564	180
2565	175
2566	188
2567	186
2568	141
2569	135
2570	106
2571	164
2572	103
2573	195
2574	173
2575	143
2576	156
2577	169
2578	139
2579	137
2580	146
2581	107
2582	132
2583	120
2584	144
2585	133
2586	134
2587	192
2588	197
2589	180
2590	107
2591	101
2592	183
2593	176
2594	144
2595	123
2596	161
2597	160
2598	157
2599	147
2600	147
2601	119
2602	126
2603	173
2604	101
2605	178
2606	106
2607	165
2608	145
2609	166
2610	174
2611	103
2612	110
2613	183
2614	197
2615	115
2616	155
2617	184
2618	151
2619	129
2620	141
2621	189
2622	118
2623	141
2624	180
2625	166
2626	147
2627	140
2628	158
2629	180
2630	177
2631	158
2632	113
2633	182
2634	116
2635	171
2636	198
2637	161
2638	200
2639	138
2640	129
2641	126
2642	195
2643	182
2644	131
2645	171
2646	194
2647	195
2648	178
2649	166
2650	111
2651	196
2652	169
2653	180
2654	109
2655	176
2656	170
2657	184
2658	172
2659	137
2660	110
2661	142
2662	105
2663	152
2664	124
2665	135
2666	150
2667	198
2668	190
2669	117
2670	118
2671	113
2672	197
2673	133
2674	131
2675	159
2676	197
2677	133
2678	121
2679	170
2680	180
2681	146
2682	125
2683	102
2684	177
2685	111
2686	170
2687	200
2688	147
2689	130
2690	109
2691	178
2692	194
2693	191
2694	134
2695	131
2696	133
2697	187
2698	147
2699	125
2700	170
2701	171
2702	130
2703	146
2704	164
2705	163
2706	184
2707	188
2708	159
2709	192
2710	127
2711	181
2712	147
2713	156
2714	172
2715	104
2716	184
2717	101
2718	100
2719	186
2720	122
2721	162
2722	177
2723	118
2724	162
2725	142
2726	159
2727	120
2728	192
2729	179
2730	128
2731	159
2732	136
2733	126
2734	182
2735	108
2736	129
2737	178
2738	120
2739	132
2740	133
2741	170
2742	157
2743	100
2744	194
2745	153
2746	143
2747	103
2748	174
2749	125
2750	118
2751	186
2752	169
2753	157
2754	120
2755	138
2756	127
2757	178
2758	105
2759	159
2760	141
2761	151
2762	154
2763	108
2764	180
2765	108
2766	186
2767	179
2768	190
2769	118
2770	139
2771	118
2772	158
2773	193
2774	146
2775	118
2776	109
2777	100
2778	116
2779	189
2780	178
2781	182
2782	161
2783	130
2784	162
2785	160
2786	103
2787	107
2788	107
2789	101
2790	199
2791	190
2792	169
2793	110
2794	136
2795	113
2796	168
2797	194
2798	154
2799	104
2800	119
2801	137
2802	122
2803	170
2804	187
2805	193
2806	146
2807	160
2808	143
2809	124
2810	173
2811	112
2812	101
2813	113
2814	124
2815	160
2816	153
2817	122
2818	196
2819	159
2820	171
2821	183
2822	132
2823	123
2824	102
2825	143
2826	124
2827	104
2828	177
2829	130
2830	183
2831	107
2832	192
2833	149
2834	138
2835	189
2836	166
2837	142
2838	114
2839	112
2840	141
2841	173
2842	118
2843	188
2844	188
2845	109
2846	156
2847	113
2848	173
2849	131
2850	131
2851	140
2852	116
2853	106
2854	184
2855	126
2856	150
2857	190
2858	123
2859	173
2860	120
2861	158
2862	170
2863	180
2864	149
2865	175
2866	178
2867	190
2868	137
2869	141
2870	128
2871	114
2872	111
2873	148
2874	188
2875	159
2876	102
2877	188
2878	147
2879	136
2880	178
2881	119
2882	200
2883	133
2884	180
2885	183
2886	178
2887	120
2888	112
2889	109
2890	137
2891	159
2892	170
2893	144
2894	146
2895	187
2896	106
2897	153
2898	156
2899	153
2900	160
2901	101
2902	137
2903	149
2904	106
2905	113
2906	116
2907	100
2908	111
2909	134
2910	103
2911	141
2912	109
2913	134
2914	112
2915	153
2916	161
2917	149
2918	125
2919	178
2920	160
2921	146
2922	164
2923	194
2924	190
2925	167
2926	114
2927	165
2928	179
2929	151
2930	195
2931	169
2932	161
2933	141
2934	162
2935	199
2936	184
2937	193
2938	100
2939	197
2940	107
2941	153
2942	172
2943	184
2944	135
2945	153
2946	175
2947	200
2948	129
2949	160
2950	139
2951	107
2952	157
2953	120
2954	129
2955	103
2956	158
2957	172
2958	120
2959	162
2960	152
2961	176
2962	180
2963	152
2964	143
2965	144
2966	133
2967	159
2968	156
2969	123
2970	142
2971	161
2972	195
2973	104
2974	160
2975	110
2976	118
2977	186
2978	198
2979	137
2980	123
2981	136
2982	190
2983	142
2984	152
2985	188
2986	149
2987	135
2988	115
2989	200
2990	190
2991	183
2992	157
2993	197
2994	131
2995	189
2996	161
2997	162
2998	167
2999	146
3000	103
3001	199.857897953
3002	199.708690803
3003	199.552023296
3004	199.387522413
3005	199.214796486
3006	199.033434263
3007	198.843003929
3008	198.643052078
3009	198.433102634
3010	198.212655719
3011	197.981186457
3012	197.738143733
3013	197.482948872
3014	197.214994268
3015	196.933641934
3016	196.638221984
3017	196.328031035
3018	196.00233054
3019	195.660345019
3020	195.301260223
3021	194.924221187
3022	194.528330198
3023	194.112644661
3024	193.676174847
3025	193.217881542
3026	192.736673571
3027	192.231405202
3028	191.700873415
3029	191.143815039
3030	190.558903743
3031	189.944746883
3032	189.29988218
3033	188.622774241
3034	187.911810906
3035	187.165299404
3036	186.381462326
3037	185.558433395
3038	184.694253018
3039	183.786863621
3040	182.834104755
3041	181.833707945
3042	180.783291295
3043	179.680353812
3044	178.522269456
3045	177.306280881
3046	176.029492878
3047	174.688865474
3048	173.2812067
3049	171.803164988
3050	170.25122119
3051	168.621680202
3052	166.910662165
3053	165.114093226
3054	163.22769584
3055	161.246978584
3056	159.167225466
3057	156.983484692
3058	154.690556879
3059	152.282982676
3060	149.755029762
3061	147.100679203
3062	144.313611116
3063	141.387189624
3064	138.314447058
3065	135.088067363
3066	131.700368684
3067	128.143285071
3068	124.408347277
3069	120.486662593
3070	116.368893676
3071	112.045236312
3072	107.50539608
3073	102.738563837
3074	97.7333899814
3075	92.477957433
3076	86.9597532573
3077	81.1656388728
3078	75.081818769
3079	68.6938076601
3080	61.9863959957
3081	54.943613748
3082	47.548692388
3083	39.78402496
3084	31.6311241607
3085	23.0705783213
3086	14.08200519
3087	4.64400340205
3088	0
3089	0
3090	0
3091	0
3092	0
3093	0
3094	0
3095	0
3096	0
3097	0
3098	0
3099	0
3100	0
3101	0
3102	0
3103	0
3104	0
3105	0
3106	0
3107	0
3108	0
3109	0
3110	0
3111	0
3112	0
3113	0
3114	0
3115	0
3116	0
3117	0
3118	0
3119	0
3120	0
3121	0
3122	0
3123	0
3124	0
3125	0
3126	0
3127	0
3128	0
3129	0
3130	0
3131	0
3132	0
3133	0
3134	0
3135	0
3136	0
3137	0
3138	0
3139	0
3140	0
3141	0
3142	0
3143	0
3144	0
3145	0
3146	0
3147	0
3148	0
3149	0
3150	0
3151	0
3152	0
3153	0
3154	0
3155	0
3156	0
3157	0
3158	0
3159	0
3160	0
3161	0
3162	0
3163	0
3164	0
3165	0
3166	0
3167	0
3168	0
3169	0
3170	0
3171	0
3172	0
3173	0
3174	0
3175	0
3176	0
3177	0
3178	0
3179	0
3180	0
3181	0
3182	0
3183	0
3184	0
3185	0
3186	0
3187	0
3188	0
3189	0
3190	0
3191	0
3192	0
3193	0
3194	0
3195	0
3196	0
3197	0
3198	0
3199	0
3200	0
3201	0
3202	0
3203	0
3204	0
3205	0
3206	0
3207	0
3208	0
3209	0
3210	0
3211	0
3212	0
3213	0
3214	0
3215	0
3216	0
3217	0
3218	0
3219	0
3220	0
3221	0
3222	0
3223	0
3224	0
3225	0
3226	0
3227	0
3228	0
3229	0
3230	0
3231	0
3232	0
3233	0
3234	0
3235	0
3236	0
3237	0
3238	0
3239	0
3240	0
3241	0
3242	0
3243	0
3244	0
3245	0
3246	0
3247	0
3248	0
3249	0
3250	0
3251	0
3252	0
3253	0
3254	0
3255	0
3256	0
3257	0
3258	0
3259	0
3260	0
3261	0
3262	0
3263	0
3264	0
3265	0
3266	0
3267	0
3268	0
3269	0
3270	0
3271	0
3272	0
3273	0
3274	0
3275	0
3276	0
3277	0
3278	0
3279	0
3280	0
3281	0
3282	0
3283	0
3284	0
3285	0
3286	0
3287	0
3288	0
3289	0
3290	0
3291	0
3292	0
3293	0
3294	0
3295	0
3296	0
3297	0
3298	0
3299	0
3300	0
3301	0
3302	0
3303	0
3304	0
3305	0
3306	0
3307	0
3308	0
3309	0
3310	0
3311	0
3312	0
3313	0
3314	0
3315	0
3316	0
3317	0
3318	0
3319	0
3320	0
3321	0
3322	0
3323	0
3324	0
3325	0
3326	0
3327	0
3328	0
3329	0
3330	0
3331	0
3332	0
3333	0
3334	0
3335	0
3336	0
3337	0
3338	0
3339	0
3340	0
3341	0
3342	0
3343	0
3344	0
3345	0
3346	0
3347	0
3348	0
3349	0
3350	0
3351	0
3352	0
3353	0
3354	0
3355	0
3356	0
3357	0
3358	0
3359	0
3360	0
3361	0
3362	0
3363	0
3364	0
3365	0
3366	0
3367	0
3368	0
3369	0
3370	0
3371	0
3372	0
3373	0
3374	0
3375	0
3376	0
3377	0
3378	0
3379	0
3380	0
3381	0
3382	0
3383	0
3384	0
3385	0
3386	0
3387	0
3388	0
3389	0
3390	0
3391	0
3392	0
3393	0
3394	0
3395	0
3396	0
3397	0
3398	0
3399	0
3400	0
3401	0
3402	0
3403	0
3404	0
3405	0
3406	0
3407	0
3408	0
3409	0
3410	0
3411	0
3412	0
3413	0
3414	0
3415	0
3416	0
3417	0
3418	0
3419	0
3420	0
3421	0
3422	0
3423	0
3424	0
3425	0
3426	0
3427	0
3428	0
3429	0
3430	0
3431	0
3432	0
3433	0
3434	0
3435	0
3436	0
3437	0
3438	0
3439	0
3440	0
3441	0
3442	0
3443	0
3444	0
3445	0
3446	0
3447	0
3448	0
3449	0
3450	0
3451	0
3452	0
3453	0
3454	0
3455	0
3456	0
3457	0
3458	0
3459	0
3460	0
3461	0
3462	0
3463	0
3464	0
3465	0
3466	0
3467	0
3468	0
3469	0
3470	0
3471	0
3472	0
3473	0
3474	0
3475	0
3476	0
3477	0
3478	0
3479	0
3480	0
3481	0
3482	0
3483	0
3484	0
3485	0
3486	0
3487	0
3488	0
3489	0
3490	0
3491	0
3492	0
3493	0
3494	0
3495	0
3496	0
3497	0
3498	0
3499	0
3500	0
3501	0
3502	0
3503	0
3504	0
3505	0
3506	0
3507	0
3508	0
3509	0
3510	0
3511	0
3512	0
3513	0
3514	0
3515	0
3516	0
3517	0
3518	0
3519	0
3520	0
3521	0
3522	0
3523	0
3524	0
3525	0
3526	0
3527	0
3528	0
3529	0
3530	0
3531	0
3532	0
3533	0
3534	0
3535	0
3536	0
3537	0
3538	0
3539	0
3540	0
3541	0
3542	0
3543	0
3544	0
3545	0
3546	0
3547	0
3548	0
3549	0
3550	0
3551	0
3552	0
3553	0
3554	0
3555	0
3556	0
3557	0
3558	0
3559	0
3560	0
3561	0
3562	0
3563	0
3564	0
3565	0
3566	0
3567	0
3568	0
3569	0
3570	0
3571	0
3572	0
3573	0
3574	0
3575	0
3576	0
3577	0
3578	0
3579	0
3580	0
3581	0
3582	0
3583	0
3584	0
3585	0
3586	0
3587	0
3588	0
3589	121
3590	167
3591	115
3592	162
3593	163
3594	152
3595	161
3596	183
3597	187
3598	109
3599	139
3600	129
3601	121
3602	198
3603	159
3604	142
3605	170
3606	194
3607	167
3608	118
3609	169
3610	191
3611	190
3612	106
3613	111
3614	100
3615	162
3616	127
3617	107
3618	127
3619	149
3620	138
3621	158
3622	134
3623	171
3624	182
3625	101
3626	123
3627	109
3628	111
3629	135
3630	174
3631	158
3632	132
3633	149
3634	170
3635	162
3636	126
3637	200
3638	137
3639	199
3640	125
3641	199
3642	120
3643	166
3644	114
3645	149
3646	146
3647	142
3648	117
3649	153
3650	119
3651	197
3652	138
3653	151
3654	196
3655	138
3656	112
3657	129
3658	139
3659	155
3660	159
3661	123
3662	175
3663	155
3664	169
3665	174
3666	108
3667	198
3668	183
3669	151
3670	123
3671	134
3672	144
3673	101
3674	179
3675	138
3676	154
3677	123
3678	110
3679	115
3680	125
3681	146
3682	188
3683	199
3684	138
3685	123
3686	150
3687	128
3688	167
3689	175
3690	178
3691	151
3692	106
3693	189
3694	167
3695	163
3696	150
3697	137
3698	107
3699	144
3700	194
3701	117
3702	101
3703	130
3704	185
3705	103
3706	175
3707	112
3708	106
3709	157
3710	114
3711	136
3712	101
3713	156
3714	155
3715	191
3716	149
3717	159
3718	100
3719	109
3720	109
3721	116
3722	181
3723	133
3724	118
3725	105
3726	106
3727	106
3728	178
3729	182
3730	154
3731	159
3732	104
3733	101
3734	120
3735	186
3736	141
3737	137
3738	190
3739	165
3740	187
3741	180
3742	162
3743	160
3744	176
3745	140
3746	194
3747	170
3748	106
3749	146
3750	125
3751	127
3752	155
3753	198
3754	200
3755	104
3756	142
3757	195
3758	102
3759	180
3760	176
3761	172
3762	200
3763	157
3764	159
3765	116
3766	196
3767	116
3768	139
3769	141
3770	120
3771	152
3772	152
3773	189
3774	147
3775	104
3776	169
3777	105
3778	186
3779	182
3780	171
3781	175
3782	109
3783	108
3784	141
3785	124
3786	112
3787	132
3788	116
3789	153
3790	196
3791	123
3792	176
3793	136
3794	135
3795	147
3796	103
3797	118
3798	179
3799	121
3800	109
3801	117
3802	198
3803	154
3804	109
3805	146
3806	180
3807	117
3808	156
3809	164
3810	197
3811	101
3812	142
3813	160
3814	194
3815	191
3816	140
3817	159
3818	132
3819	146
3820	114
3821	154
3822	110
3823	134
3824	115
3825	129
3826	142
3827	104
3828	134
3829	181
3830	194
3831	107
3832	191
3833	139
3834	156
3835	123
3836	146
3837	150
3838	145
3839	138
3840	174
3841	179
3842	117
3843	193
3844	118
3845	149
3846	155
3847	103
3848	168
3849	188
3850	194
3851	108
3852	175
3853	126
3854	140
3855	196
3856	137
3857	123
3858	126
3859	190
3860	187
3861	118
3862	108
3863	160
3864	181
3865	164
3866	111
3867	139
3868	182
3869	197
3870	200
3871	196
3872	189
3873	162
3874	181
3875	133
3876	193
3877	118
3878	111
3879	190
3880	169
3881	177
3882	137
3883	105
3884	186
3885	187
3886	170
3887	160
3888	164
3889	146
3890	110
3891	121
3892	144
3893	129
3894	173
3895	163
3896	114
3897	176
3898	123
3899	132
3900	197
3901	170
3902	131
3903	184
3904	103
3905	196
3906	192
3907	183
3908	130
3909	104
3910	196
3911	107
3912	127
3913	162
3914	122
3915	140
3916	135
3917	154
3918	194
3919	130
3920	105
3921	145
3922	156
3923	115
3924	130
3925	137
3926	177
3927	157
3928	104
3929	128
3930	175
3931	162
3932	141
3933	145
3934	131
3935	151
3936	128
3937	178
3938	128
3939	163
3940	127
3941	102
3942	133
3943	133
3944	163
3945	165
3946	165
3947	138
3948	114
3949	133
3950	131
3951	192
3952	119
3953	117
3954	109
3955	197
3956	186
3957	181
3958	168
3959	174
3960	121
3961	142
3962	137
3963	157
3964	168
3965	176
3966	191
3967	119
3968	108
3969	152
3970	106
3971	185
3972	134
3973	104
3974	149
3975	105
3976	192
3977	107
3978	147
3979	162
3980	108
3981	198
3982	190
3983	119
3984	161
3985	185
3986	176
3987	177
3988	129
3989	156
3990	165
3991	137
3992	166
3993	189
3994	153
3995	131
3996	178
3997	168
3998	108
3999	156
4000	133
4001	0
4002	0
4003	0
4004	0
4005	0
4006	0
4007	0
4008	0
4009	0
4010	0
4011	0
4012	0
4013	0
4014	0
4015	0
4016	0
4017	0
4018	0
4019	0
4020	0
4021	0
4022	0
4023	0
4024	0
4025	0
4026	0
4027	0
4028	0
4029	0
4030	0
4031	0
4032	0
4033	0
4034	0
4035	0
4036	0
4037	0
4038	0
4039	0
4040	0
4041	0
4042	0
4043	0
4044	0
4045	0
4046	0
4047	0
4048	0
4049	0
4050	0
4051	0
4052	0
4053	0
4054	0
4055	0
4056	0
4057	0
4058	0
4059	0
4060	0
4061	0
4062	0
4063	0
4064	0
4065	0
4066	0
4067	0
4068	0
4069	0
4070	0
4071	0
4072	0
4073	0
4074	0
4075	0
4076	0
4077	0
4078	0
4079	0
4080	0
4081	0
4082	0
4083	0
4084	0
4085	0
4086	0
4087	0
4088	0
4089	0
4090	0
4091	0
4092	0
4093	0
4094	0
4095	0
4096	0
4097	0
4098	0
4099	0
4100	0
4101	0
4102	0
4103	0
4104	0
4105	0
4106	0
4107	0
4108	0
4109	0
4110	0
4111	0
4112	0
4113	0
4114	0
4115	0
4116	0
4117	0
4118	0
4119	0
4120	0
4121	0
4122	0
4123	0
4124	0
4125	0
4126	0
4127	0
4128	0
4129	0
4130	0
4131	0
4132	0
4133	0
4134	0
4135	0
4136	0
4137	0
4138	0
4139	0
4140	0
4141	0
4142	0
4143	0
4144	0
4145	0
4146	0
4147	0
4148	0
4149	0
4150	0
4151	0
4152	0
4153	0
4154	0
4155	0
4156	0
4157	0
4158	0
4159	0
4160	0
4161	0
4162	0
4163	0
4164	0
4165	0
4166	0
4167	0
4168	0
4169	0
4170	0
4171	0
4172	0
4173	0
4174	0
4175	0
4176	0
4177	0
4178	0
4179	0
4180	0
4181	0
4182	0
4183	0
4184	0
4185	0
4186	0
4187	0
4188	0
4189	0
4190	0
4191	0
4192	0
4193	0
4194	0
4195	0
4196	0
4197	0
4198	0
4199	0
4200	0
4201	0
4202	0
4203	0
4204	0
4205	0
4206	0
4207	0
4208	0
4209	0
4210	0
4211	0
4212	0
4213	0
4214	0
4215	0
4216	0
4217	0
4218	0
4219	0
4220	0
4221	0
4222	0
4223	0
4224	0
4225	0
4226	0
4227	0
4228	0
4229	0
4230	0
4231	0
4232	0
4233	0
4234	0
4235	0
4236	0
4237	0
4238	0
4239	0
4240	0
4241	0
4242	0
4243	0
4244	0
4245	0
4246	0
4247	0
4248	0
4249	0
4250	0
4251	0
4252	0
4253	0
4254	0
4255	0
4256	0
4257	0
4258	0
4259	0
4260	0
4261	0
4262	0
4263	0
4264	0
4265	0
4266	0
4267	0
4268	0
4269	0
4270	0
4271	0
4272	0
4273	0
4274	0
4275	0
4276	0
4277	0
4278	0
4279	0
4280	0
4281	0
4282	0
4283	0
4284	0
4285	0
4286	0
4287	0
4288	0
4289	0
4290	0
4291	0
4292	0
4293	0
4294	0
4295	0
4296	0
4297	0
4298	0
4299	0
4300	0
4301	0
4302	0
4303	0
4304	0
4305	0
4306	0
4307	0
4308	0
4309	0
4310	0
4311	0
4312	0
4313	0
4314	0
4315	0
4316	0
4317	0
4318	0
4319	0
4320	0
4321	0
4322	0
4323	0
4324	0
4325	0
4326	0
4327	0
4328	0
4329	0
4330	0
4331	0
4332	0
4333	0
4334	0
4335	0
4336	0
4337	0
4338	0
4339	0
4340	0
4341	0
4342	0
4343	0
4344	0
4345	0
4346	0
4347	0
4348	0
4349	0
4350	0
4351	0
4352	0
4353	0
4354	0
4355	0
4356	0
4357	0
4358	0
4359	0
4360	0
4361	0
4362	0
4363	0
4364	0
4365	0
4366	0
4367	0
4368	0
4369	0
4370	0
4371	0
4372	0
4373	0
4374	0
4375	0
4376	0
4377	0
4378	0
4379	0
4380	0
4381	0
4382	0
4383	0
4384	0
4385	0
4386	0
4387	0
4388	0
4389	0
4390	0
4391	0
4392	0
4393	0
4394	0
4395	0
4396	0
4397	0
4398	0
4399	0
4400	0
4401	0
4402	0
4403	0
4404	0
4405	0
4406	0
4407	0
4408	0
4409	0
4410	0
4411	0
4412	0
4413	0
4414	0
4415	0
4416	0
4417	0
4418	0
4419	0
4420	0
4421	0
4422	0
4423	0
4424	0
4425	0
4426	0
4427	0
4428	0
4429	0
4430	0
4431	0
4432	0
4433	0
4434	0
4435	0
4436	0
4437	0
4438	0
4439	0
4440	0
4441	0
4442	0
4443	0
4444	0
4445	0
4446	0
4447	0
4448	0
4449	0
4450	0
4451	0
4452	0
4453	0
4454	0
4455	0
4456	0
4457	0
4458	0
4459	0
4460	0
4461	0
4462	0
4463	0
4464	0
4465	0
4466	0
4467	0
4468	0
4469	0
4470	0
4471	0
4472	0
4473	0
4474	0
4475	0
4476	0
4477	0
4478	0
4479	0
4480	0
4481	0
4482	0
4483	0
4484	0
4485	0
4486	0
4487	0
4488	0
4489	0
4490	0
4491	0
4492	0
4493	0
4494	0
4495	0
4496	0
4497	0
4498	0
4499	0
4500	0
4501	106
4502	140
4503	122
4504	172
4505	143
4506	135
4507	107
4508	152
4509	175
4510	148
4511	170
4512	161
4513	137
4514	108
4515	191
4516	141
4517	179
4518	169
4519	179
4520	107
4521	110
4522	199
4523	131
4524	150
4525	119
4526	164
4527	147
4528	152
4529	100
4530	122
4531	153
4532	180
4533	114
4534	149
4535	149
4536	192
4537	117
4538	134
4539	114
4540	128
4541	146
4542	154
4543	160
4544	108
4545	177
4546	114
4547	127
4548	156
4549	195
4550	129
4551	106
4552	133
4553	161
4554	104
4555	108
4556	148
4557	187
4558	128
4559	139
4560	179
4561	101
4562	126
4563	160
4564	108
4565	149
4566	144
4567	175
4568	167
4569	132
4570	141
4571	172
4572	179
4573	128
4574	162
4575	185
4576	145
4577	169
4578	163
4579	174
4580	140
4581	116
4582	180
4583	133
4584	172
4585	124
4586	108
4587	110
4588	119
4589	180
4590	189
4591	133
4592	153
4593	178
4594	182
4595	152
4596	156
4597	181
4598	131
4599	166
4600	180
4601	138
4602	195
4603	189
4604	159
4605	116
4606	115
4607	116
4608	114
4609	138
4610	110
4611	194
4612	175
4613	115
4614	188
4615	128
4616	114
4617	180
4618	157
4619	110
4620	146
4621	134
4622	189
4623	129
4624	151
4625	132
4626	165
4627	132
4628	163
4629	105
4630	145
4631	181
4632	121
4633	145
4634	197
4635	166
4636	189
4637	187
4638	199
4639	134
4640	181
4641	163
4642	164
4643	172
4644	164
4645	147
4646	121
4647	131
4648	190
4649	100
4650	133
4651	180
4652	183
4653	200
4654	131
4655	166
4656	175
4657	182
4658	156
4659	141
4660	133
4661	175
4662	199
4663	118
4664	175
4665	133
4666	164
4667	114
4668	182
4669	114
4670	195
4671	114
4672	127
4673	141
4674	182
4675	102
4676	183
4677	170
4678	107
4679	153
4680	200
4681	191
4682	191
4683	130
4684	155
4685	135
4686	181
4687	109
4688	103
4689	158
4690	145
4691	105
4692	166
4693	122
4694	102
4695	129
4696	119
4697	123
4698	178
4699	198
4700	157
4701	165
4702	137
4703	116
4704	141
4705	124
4706	183
4707	188
4708	191
4709	183
4710	130
4711	125
4712	158
4713	134
4714	118
4715	162
4716	110
4717	197
4718	103
4719	163
4720	116
4721	179
4722	119
4723	155
4724	186
4725	142
4726	197
4727	158
4728	193
4729	134
4730	107
4731	126
4732	198
4733	130
4734	179
4735	112
4736	116
4737	168
4738	182
4739	122
4740	130
4741	142
4742	167
4743	128
4744	114
4745	116
4746	129
4747	110
4748	104
4749	182
4750	137
4751	117
4752	113
4753	163
4754	101
4755	164
4756	168
4757	139
4758	188
4759	140
4760	147
4761	179
4762	174
4763	137
4764	107
4765	132
4766	191
4767	162
4768	159
4769	158
4770	192
4771	127
4772	177
4773	151
4774	174
4775	110
4776	131
4777	107
4778	167
4779	160
4780	156
4781	111
4782	162
4783	198
4784	140
4785	140
4786	124
4787	127
4788	131
4789	162
4790	136
4791	195
4792	149
4793	106
4794	111
4795	133
4796	166
4797	100
4798	124
4799	192
4800	100
4801	189
4802	144
4803	154
4804	135
4805	145
4806	134
4807	111
4808	194
4809	190
4810	200
4811	146
4812	131
4813	138
4814	120
4815	119
4816	123
4817	148
4818	185
4819	108
4820	163
4821	119
4822	173
4823	151
4824	125
4825	120
4826	113
4827	137
4828	192
4829	141
4830	158
4831	111
4832	160
4833	176
4834	102
4835	170
4836	189
4837	120
4838	113
4839	115
4840	172
4841	122
4842	120
4843	154
4844	106
4845	154
4846	179
4847	182
4848	114
4849	195
4850	165
4851	122
4852	174
4853	149
4854	189
4855	136
4856	167
4857	163
4858	108
4859	174
4860	111
4861	103
4862	158
4863	132
4864	147
4865	176
4866	144
4867	105
4868	156
4869	177
4870	161
4871	168
4872	184
4873	148
4874	198
4875	126
4876	124
4877	154
4878	100
4879	194
4880	169
4881	115
4882	166
4883	169
4884	157
4885	198
4886	157
4887	155
4888	118
4889	121
4890	126
4891	115
4892	142
4893	129
4894	109
4895	184
4896	148
4897	193
4898	113
4899	111
4900	144
4901	176
4902	193
4903	168
4904	156
4905	122
4906	125
4907	116
4908	170
4909	167
4910	102
4911	180
4912	188
4913	120
4914	131
4915	103
4916	113
4917	177
4918	179
4919	199
4920	113
4921	144
4922	170
4923	117
4924	162
4925	112
4926	136
4927	143
4928	176
4929	144
4930	156
4931	172
4932	146
4933	168
4934	183
4935	111
4936	132
4937	190
4938	122
4939	168
4940	109
4941	149
4942	121
4943	138
4944	144
4945	122
4946	179
4947	105
4948	134
4949	115
4950	121
4951	168
4952	105
4953	177
4954	166
4955	195
4956	200
4957	101
4958	117
4959	106
4960	153
4961	176
4962	176
4963	134
4964	167
4965	142
4966	191
4967	166
4968	161
4969	101
4970	104
4971	197
4972	179
4973	188
4974	156
4975	173
4976	197
4977	120
4978	120
4979	146
4980	151
4981	152
4982	191
4983	163
4984	179
4985	122
4986	196
4987	125
4988	167
4989	100
4990	104
4991	181
4992	179
4993	123
4994	200
4995	133
4996	124
4997	136
4998	140
4999	135
5000	104
5001	199.857897953
5002	199.708690803
5003	199.552023296
5004	199.387522413
5005	199.214796486
5006	199.033434263
5007	198.843003929
5008	198.643052078
5009	198.433102634
5010	198.212655719
5011	197.981186457
5012	197.738143733
5013	197.482948872
5014	197.214994268
5015	196.933641934
5016	196.638221984
5017	196.328031035
5018	196.00233054
5019	195.660345019
5020	195.301260223
5021	194.924221187
5022	194.528330198
5023	194.112644661
5024	193.676174847
5025	193.217881542
5026	192.736673571
5027	192.231405202
5028	191.700873415
5029	191.143815039
5030	190.558903743
5031	189.944746883
5032	189.29988218
5033	188.622774241
5034	187.911810906
5035	187.165299404
5036	186.381462326
5037	185.558433395
5038	184.694253018
5039	183.786863621
5040	182.834104755
5041	181.833707945
5042	180.783291295
5043	179.680353812
5044	178.522269456
5045	177.306280881
5046	176.029492878
5047	174.688865474
5048	173.2812067
5049	171.803164988
5050	170.25122119
5051	168.621680202
5052	166.910662165
5053	165.114093226
5054	163.22769584
5055	161.246978584
5056	159.167225466
5057	156.983484692
5058	154.690556879
5059	152.282982676
5060	149.755029762
5061	147.100679203
5062	144.313611116
5063	141.387189624
5064	138.314447058
5065	135.088067363
5066	131.700368684
5067	128.143285071
5068	124.408347277
5069	120.486662593
5070	116.368893676
5071	112.045236312
5072	107.50539608
5073	102.738563837
5074	97.7333899814
5075	92.477957433
5076	86.9597532573
5077	81.1656388728
5078	75.081818769
5079	68.6938076601
5080	61.9863959957
5081	54.943613748
5082	47.548692388
5083	39.78402496
5084	31.6311241607
5085	23.0705783213
5086	14.08200519
5087	4.64400340205
5088	0
5089	0
5090	0
5091	0
5092	0
5093	0
5094	0
5095	0
5096	0
5097	0
5098	0
5099	0
5100	0
5101	0
5102	0
5103	0
5104	0
5105	0
5106	0
5107	0
5108	0
5109	0
5110	0
5111	0
5112	0
5113	0
5114	0
5115	0
5116	0
5117	0
5118	0
5119	0
5120	0
5121	0
5122	0
5123	0
5124	0
5125	0
5126	0
5127	0
5128	0
5129	0
5130	0
5131	0
5132	0
5133	0
5134	0
5135	0
5136	0
5137	0
5138	0
5139	0
5140	0
5141	0
5142	0
5143	0
5144	0
5145	0
5146	0
5147	0
5148	0
5149	0
5150	0
5151	0
5152	0
5153	0
5154	0
5155	0
5156	0
5157	0
5158	0
5159	0
5160	0
5161	0
5162	0
5163	0
5164	0
5165	0
5166	0
5167	0
5168	0
5169	0
5170	0
5171	0
5172	0
5173	0
5174	0
5175	0
5176	0
5177	0
5178	0
5179	0
5180	0
5181	0
5182	0
5183	0
5184	0
5185	0
5186	0
5187	0
5188	0
5189	0
5190	0
5191	0
5192	0
5193	0
5194	0
5195	0
5196	0
5197	0
5198	0
5199	0
5200	0
5201	0
5202	0
5203	0
5204	0
5205	0
5206	0
5207	0
5208	0
5209	0
5210	0
5211	0
5212	0
5213	0
5214	0
5215	0
5216	0
5217	0
5218	0
5219	0
5220	0
5221	0
5222	0
5223	0
5224	0
5225	0
5226	0
5227	0
5228	0
5229	0
5230	0
5231	0
5232	0
5233	0
5234	0
5235	0
5236	0
5237	0
5238	0
5239	0
5240	0
5241	0
5242	0
5243	0
5244	0
5245	0
5246	0
5247	0
5248	0
5249	0
5250	0
5251	0
5252	0
5253	0
5254	0
5255	0
5256	0
5257	0
5258	0
5259	0
5260	0
5261	0
5262	0
5263	0
5264	0
5265	0
5266	0
5267	0
5268	0
5269	0
5270	0
5271	0
5272	0
5273	0
5274	0
5275	0
5276	0
5277	0
5278	0
5279	0
5280	0
5281	0
5282	0
5283	0
5284	0
5285	0
5286	0
5287	0
5288	0
5289	0
5290	0
5291	0
5292	0
5293	0
5294	0
5295	0
5296	0
5297	0
5298	0
5299	0
5300	0
5301	0
5302	0
5303	0
5304	0
5305	0
5306	0
5307	0
5308	0
5309	0
5310	0
5311	0
5312	0
5313	0
5314	0
5315	0
5316	0
5317	0
5318	0
5319	0
5320	0
5321	0
5322	0
5323	0
5324	0
5325	0
5326	0
5327	0
5328	0
5329	0
5330	0
5331	0
5332	0
5333	0
5334	0
5335	0
5336	0
5337	0
5338	0
5339	0
5340	0
5341	0
5342	0
5343	0
5344	0
5345	0
5346	0
5347	0
5348	0
5349	0
5350	0
5351	0
5352	0
5353	0
5354	0
5355	0
5356	0
5357	0
5358	0
5359	0
5360	0
5361	0
5362	0
5363	0
5364	0
5365	0
5366	0
5367	0
5368	0
5369	0
5370	0
5371	0
5372	0
5373	0
5374	0
5375	0
5376	0
5377	0
5378	0
5379	0
5380	0
5381	0
5382	0
5383	0
5384	0
5385	0
5386	0
5387	0
5388	0
5389	0
5390	0
5391	0
5392	0
5393	0
5394	0
5395	0
5396	0
5397	0
5398	0
5399	0
5400	0
5401	0
5402	0
5403	0
5404	0
5405	0
5406	0
5407	0
5408	0
5409	0
5410	0
5411	0
5412	0
5413	0
5414	0
5415	0
5416	0
5417	0
5418	0
5419	0
5420	0
5421	0
5422	0
5423	0
5424	0
5425	0
5426	0
5427	0
5428	0
5429	0
5430	0
5431	0
5432	0
5433	0
5434	0
5435	0
5436	0
5437	0
5438	0
5439	0
5440	0
5441	0
5442	0
5443	0
5444	0
5445	0
5446	0
5447	0
5448	0
5449	0
5450	0
5451	0
5452	0
5453	0
5454	0
5455	0
5456	0
5457	0
5458	0
5459	0
5460	0
5461	0
5462	0
5463	0
5464	0
5465	0
5466	0
5467	0
5468	0
5469	0
5470	0
5471	0
5472	0
5473	0
5474	0
5475	0
5476	0
5477	0
5478	0
5479	0
5480	0
5481	0
5482	0
5483	0
5484	0
5485	0
5486	0
5487	0
5488	0
5489	0
5490	0
5491	0
5492	0
5493	0
5494	0
5495	0
5496	0
5497	0
5498	0
5499	0
5500	0
5501	0
5502	0
5503	0
5504	0
5505	0
5506	0
5507	0
5508	0
5509	0
5510	0
5511	0
5512	0
5513	0
5514	0
5515	0
5516	0
5517	0
5518	0
5519	0
5520	0
5521	0
5522	0
5523	0
5524	0
5525	0
5526	0
5527	0
5528	0
5529	0
5530	0
5531	0
5532	0
5533	0
5534	0
5535	0
5536	0
5537	0
5538	0
5539	0
5540	0
5541	0
5542	0
5543	0
5544	0
5545	0
5546	0
5547	0
5548	0
5549	0
5550	0
5551	0
5552	0
5553	0
5554	0
5555	0
5556	0
5557	0
5558	0
5559	0
5560	0
5561	0
5562	0
5563	0
5564	0
5565	0
5566	0
5567	0
5568	0
5569	0
5570	0
5571	0
5572	0
5573	0
5574	0
5575	0
5576	0
5577	0
5578	0
5579	0
5580	0
5581	0
5582	0
5583	0
5584	0
5585	0
5586	0
5587	0
5588	0
5589	182
5590	193
5591	122
5592	181
5593	109
5594	155
5595	115
5596	195
5597	189
5598	175
5599	155
5600	156
5601	197
5602	124
5603	140
5604	136
5605	124
5606	182
5607	169
5608	119
5609	169
5610	178
5611	152
5612	109
5613	117
5614	113
5615	183
5616	119
5617	180
5618	141
5619	190
5620	170
5621	200
5622	105
5623	172
5624	140
5625	174
5626	121
5627	133
5628	145
5629	200
5630	197
5631	160
5632	150
5633	145
5634	150
5635	165
5636	187
5637	140
5638	120
5639	105
5640	109
5641	144
5642	171
5643	150
5644	124
5645	122
5646	119
5647	150
5648	162
5649	149
5650	112
5651	190
5652	146
5653	111
5654	145
5655	158
5656	169
5657	122
5658	118
5659	160
5660	127
5661	148
5662	184
5663	164
5664	182
5665	192
5666	159
5667	146
5668	134
5669	107
5670	156
5671	177
5672	126
5673	148
5674	100
5675	172
5676	104
5677	149
5678	162
5679	134
5680	131
5681	163
5682	190
5683	128
5684	179
5685	178
5686	128
5687	192
5688	175
5689	103
5690	165
5691	196
5692	172
5693	157
5694	186
5695	157
5696	183
5697	143
5698	172
5699	176
5700	183
5701	150
5702	180
5703	188
5704	141
5705	130
5706	183
5707	145
5708	147
5709	144
5710	115
5711	124
5712	116
5713	159
5714	194
5715	141
5716	122
5717	179
5718	120
5719	115
5720	163
5721	119
5722	109
5723	125
5724	187
5725	126
5726	175
5727	190
5728	138
5729	165
5730	194
5731	171
5732	160
5733	168
5734	193
5735	149
5736	189
5737	168
5738	157
5739	136
5740	179
5741	130
5742	173
5743	195
5744	192
5745	178
5746	165
5747	164
5748	105
5749	138
5750	150
5751	143
5752	198
5753	135
5754	181
5755	195
5756	190
5757	158
5758	118
5759	133
5760	178
5761	152
5762	108
5763	197
5764	136
5765	193
5766	184
5767	176
5768	143
5769	186
5770	182
5771	190
5772	153
5773	134
5774	154
5775	178
5776	197
5777	199
5778	138
5779	165
5780	139
5781	168
5782	109
5783	182
5784	139
5785	115
5786	148
5787	138
5788	171
5789	129
5790	131
5791	128
5792	122
5793	191
5794	116
5795	149
5796	179
5797	194
5798	107
5799	161
5800	179
5801	186
5802	187
5803	141
5804	128
5805	132
5806	120
5807	135
5808	180
5809	143
5810	189
5811	142
5812	107
5813	126
5814	119
5815	182
5816	152
5817	146
5818	175
5819	110
5820	145
5821	178
5822	171
5823	102
5824	151
5825	104
5826	158
5827	102
5828	190
5829	192
5830	117
5831	188
5832	194
5833	120
5834	129
5835	157
5836	196
5837	178
5838	147
5839	104
5840	179
5841	129
5842	120
5843	123
5844	115
5845	182
5846	141
5847	163
5848	118
5849	139
5850	197
5851	170
5852	154
5853	112
5854	194
5855	171
5856	155
5857	181
5858	195
5859	195
5860	143
5861	188
5862	186
5863	137
5864	197
5865	143
5866	183
5867	123
5868	140
5869	189
5870	119
5871	142
5872	112
5873	118
5874	153
5875	156
5876	197
5877	195
5878	110
5879	119
5880	139
5881	192
5882	101
5883	190
5884	199
5885	177
5886	124
5887	181
5888	156
5889	190
5890	169
5891	113
5892	188
5893	121
5894	116
5895	167
5896	184
5897	196
5898	198
5899	191
5900	138
5901	152
5902	157
5903	189
5904	104
5905	157
5906	126
5907	145
5908	125
5909	121
5910	195
5911	104
5912	120
5913	148
5914	115
5915	132
5916	122
5917	184
5918	113
5919	146
5920	126
5921	194
5922	106
5923	193
5924	196
5925	139
5926	138
5927	191
5928	127
5929	173
5930	160
5931	198
5932	191
5933	174
5934	131
5935	149
5936	101
5937	126
5938	143
5939	166
5940	150
5941	165
5942	106
5943	183
5944	139
5945	174
5946	181
5947	121
5948	138
5949	190
5950	114
5951	124
5952	196
5953	103
5954	135
5955	105
5956	108
5957	131
5958	195
5959	117
5960	127
5961	112
5962	109
5963	195
5964	105
5965	118
5966	107
5967	167
5968	185
5969	179
5970	107
5971	135
5972	180
5973	128
5974	137
5975	158
5976	120
5977	196
5978	145
5979	176
5980	178
5981	167
5982	107
5983	189
5984	160
5985	145
5986	100
5987	175
5988	170
5989	174
5990	108
5991	118
5992	181
5993	177
5994	112
5995	114
5996	178
5997	140
5998	143
5999	189
6000	185
6001	0
6002	0
6003	0
6004	0
6005	0
6006	0
6007	0
6008	0
6009	0
6010	0
6011	0
6012	0
6013	0
6014	0
6015	0
6016	0
6017	0
6018	0
6019	0
6020	0
6021	0
6022	0
6023	0
6024	0
6025	0
6026	0
6027	0
6028	0
6029	0
6030	0
6031	0
6032	0
6033	0
6034	0
6035	0
6036	0
6037	0
6038	0
6039	0
6040	0
6041	0
6042	0
6043	0
6044	0
6045	0
6046	0
6047	0
6048	0
6049	0
6050	0
6051	0
6052	0
6053	0
6054	0
6055	0
6056	0
6057	0
6058	0
6059	0
6060	0
6061	0
6062	0
6063	0
6064	0
6065	0
6066	0
6067	0
6068	0
6069	0
6070	0
6071	0
6072	0
6073	0
6074	0
6075	0
6076	0
6077	0
6078	0
6079	0
6080	0
6081	0
6082	0
6083	0
6084	0
6085	0
6086	0
6087	0
6088	0
6089	0
6090	0
6091	0
6092	0
6093	0
6094	0
6095	0
6096	0
6097	0
6098	0
6099	0
6100	0
6101	0
6102	0
6103	0
6104	0
6105	0
6106	0
6107	0
6108	0
6109	0
6110	0
6111	0
6112	0
6113	0
6114	0
6115	0
6116	0
6117	0
6118	0
6119	0
6120	0
6121	0
6122	0
6123	0
6124	0
6125	0
6126	0
6127	0
6128	0
6129	0
6130	0
6131	0
6132	0
6133	0
6134	0
6135	0
6136	0
6137	0
6138	0
6139	0
6140	0
6141	0
6142	0
6143	0
6144	0
6145	0
6146	0
6147	0
6148	0
6149	0
6150	0
6151	0
6152	0
6153	0
6154	0
6155	0
6156	0
6157	0
6158	0
6159	0
6160	0
6161	0
6162	0
6163	0
6164	0
6165	0
6166	0
6167	0
6168	0
6169	0
6170	0
6171	0
6172	0
6173	0
6174	0
6175	0
6176	0
6177	0
6178	0
6179	0
6180	0
6181	0
6182	0
6183	0
6184	0
6185	0
6186	0
6187	0
6188	0
6189	0
6190	0
6191	0
6192	0
6193	0
6194	0
6195	0
6196	0
6197	0
6198	0
6199	0
6200	0
6201	0
6202	0
6203	0
6204	0
6205	0
6206	0
6207	0
6208	0
6209	0
6210	0
6211	0
6212	0
6213	0
6214	0
6215	0
6216	0
6217	0
6218	0
6219	0
6220	0
6221	0
6222	0
6223	0
6224	0
6225	0
6226	0
6227	0
6228	0
6229	0
6230	0
6231	0
6232	0
6233	0
6234	0
6235	0
6236	0
6237	0
6238	0
6239	0
6240	0
6241	0
6242	0
6243	0
6244	0
6245	0
6246	0
6247	0
6248	0
6249	0
6250	0
6251	0
6252	0
6253	0
6254	0
6255	0
6256	0
6257	0
6258	0
6259	0
6260	0
6261	0
6262	0
6263	0
6264	0
6265	0
6266	0
6267	0
6268	0
6269	0
6270	0
6271	0
6272	0
6273	0
6274	0
6275	0
6276	0
6277	0
6278	0
6279	0
6280	0
6281	0
6282	0
6283	0
6284	0
6285	0
6286	0
6287	0
6288	0
6289	0
6290	0
6291	0
6292	0
6293	0
6294	0
6295	0
6296	0
6297	0
6298	0
6299	0
6300	0
6301	0
6302	0
6303	0
6304	0
6305	0
6306	0
6307	0
6308	0
6309	0
6310	0
6311	0
6312	0
6313	0
6314	0
6315	0
6316	0
6317	0
6318	0
6319	0
6320	0
6321	0
6322	0
6323	0
6324	0
6325	0
6326	0
6327	0
6328	0
6329	0
6330	0
6331	0
6332	0
6333	0
6334	0
6335	0
6336	0
6337	0
6338	0
6339	0
6340	0
6341	0
6342	0
6343	0
6344	0
6345	0
6346	0
6347	0
6348	0
6349	0
6350	0
6351	0
6352	0
6353	0
6354	0
6355	0
6356	0
6357	0
6358	0
6359	0
6360	0
6361	0
6362	0
6363	0
6364	0
6365	0
6366	0
6367	0
6368	0
6369	0
6370	0
6371	0
6372	0
6373	0
6374	0
6375	0
6376	0
6377	0
6378	0
6379	0
6380	0
6381	0
6382	0
6383	0
6384	0
6385	0
6386	0
6387	0
6388	0
6389	0
6390	0
6391	0
6392	0
6393	0
6394	0
6395	0
6396	0
6397	0
6398	0
6399	0
6400	0
6401	0
6402	0
6403	0
6404	0
6405	0
6406	0
6407	0
6408	0
6409	0
6410	0
6411	0
6412	0
6413	0
6414	0
6415	0
6416	0
6417	0
6418	0
6419	0
6420	0
6421	0
6422	0
6423	0
6424	0
6425	0
6426	0
6427	0
6428	0
6429	0
6430	0
6431	0
6432	0
6433	0
6434	0
6435	0
6436	0
6437	0
6438	0
6439	0
6440	0
6441	0
6442	0
6443	0
6444	0
6445	0
6446	0
6447	0
6448	0
6449	0
6450	0
6451	0
6452	0
6453	0
6454	0
6455	0
6456	0
6457	0
6458	0
6459	0
6460	0
6461	0
6462	0
6463	0
6464	0
6465	0
6466	0
6467	0
6468	0
6469	0
6470	0
6471	0
6472	0
6473	0
6474	0
6475	0
6476	0
6477	0
6478	0
6479	0
6480	0
6481	0
6482	0
6483	0
6484	0
6485	0
6486	0
6487	0
6488	0
6489	0
6490	0
6491	0
6492	0
6493	0
6494	0
6495	0
6496	0
6497	0
6498	0
6499	0
6500	0
6501	103
6502	145
6503	102
6504	111
6505	189
6506	107
6507	189
6508	197
6509	135
6510	190
6511	132
6512	174
6513	107
6514	105
6515	145
6516	177
6517	196
6518	197
6519	111
6520	110
6521	173
6522	194
6523	149
6524	165
6525	123
6526	137
6527	138
6528	109
6529	188
6530	123
6531	161
6532	121
6533	111
6534	141
6535	175
6536	178
6537	108
6538	158
6539	179
6540	163
6541	120
6542	141
6543	116
6544	187
6545	107
6546	186
6547	128
6548	118
6549	176
6550	158
6551	199
6552	114
6553	190
6554	154
6555	200
6556	186
6557	173
6558	154
6559	190
6560	152
6561	112
6562	140
6563	152
6564	138
6565	168
6566	144
6567	195
6568	159
6569	104
6570	146
6571	186
6572	115
6573	140
6574	104
6575	122
6576	146
6577	111
6578	190
6579	112
6580	134
6581	146
6582	136
6583	173
6584	198
6585	179
6586	157
6587	126
6588	167
6589	140
6590	122
6591	170
6592	111
6593	123
6594	132
6595	136
6596	188
6597	154
6598	150
6599	144
6600	133
6601	194
6602	149
6603	129
6604	126
6605	141
6606	111
6607	103
6608	165
6609	131
6610	192
6611	170
6612	132
6613	156
6614	197
6615	199
6616	162
6617	189
6618	171
6619	103
6620	158
6621	113
6622	113
6623	188
6624	150
6625	155
6626	193
6627	193
6628	190
6629	159
6630	178
6631	136
6632	114
6633	179
6634	118
6635	156
6636	163
6637	123
6638	124
6639	192
6640	149
6641	187
6642	194
6643	197
6644	123
6645	179
6646	154
6647	118
6648	125
6649	118
6650	190
6651	198
6652	110
6653	100
6654	166
6655	177
6656	123
6657	174
6658	182
6659	199
6660	102
6661	194
6662	162
6663	166
6664	100
6665	114
6666	194
6667	148
6668	162
6669	121
6670	130
6671	179
6672	181
6673	172
6674	154
6675	154
6676	145
6677	113
6678	176
6679	133
6680	188
6681	157
6682	158
6683	136
6684	123
6685	170
6686	162
6687	159
6688	175
6689	164
6690	157
6691	130
6692	187
6693	125
6694	177
6695	197
6696	105
6697	182
6698	133
6699	191
6700	194
6701	135
6702	113
6703	105
6704	140
6705	116
6706	101
6707	109
6708	138
6709	142
6710	107
6711	148
6712	161
6713	156
6714	108
6715	157
6716	105
6717	113
6718	142
6719	148
6720	170
6721	141
6722	196
6723	159
6724	104
6725	130
6726	167
6727	176
6728	176
6729	158
6730	181
6731	125
6732	103
6733	122
6734	140
6735	165
6736	193
6737	170
6738	186
6739	196
6740	149
6741	149
6742	155
6743	174
6744	170
6745	131
6746	108
6747	149
6748	175
6749	110
6750	140
6751	167
6752	199
6753	162
6754	150
6755	154
6756	118
6757	185
6758	144
6759	186
6760	132
6761	197
6762	129
6763	192
6764	183
6765	183
6766	187
6767	111
6768	143
6769	137
6770	184
6771	188
6772	141
6773	193
6774	141
6775	166
6776	174
6777	197
6778	194
6779	189
6780	158
6781	159
6782	102
6783	114
6784	118
6785	159
6786	109
6787	187
6788	170
6789	149
6790	191
6791	160
6792	173
6793	136
6794	165
6795	134
6796	104
6797	118
6798	195
6799	108
6800	164
6801	105
6802	124
6803	146
6804	139
6805	128
6806	124
6807	110
6808	138
6809	128
6810	111
6811	195
6812	187
6813	167
6814	150
6815	104
6816	114
6817	135
6818	135
6819	186
6820	141
6821	175
6822	198
6823	114
6824	194
6825	190
6826	108
6827	184
6828	153
6829	158
6830	114
6831	149
6832	171
6833	122
6834	181
6835	113
6836	117
6837	171
6838	191
6839	175
6840	139
6841	104
6842	185
6843	110
6844	180
6845	177
6846	171
6847	125
6848	179
6849	122
6850	138
6851	180
6852	143
6853	189
6854	185
6855	181
6856	135
6857	116
6858	161
6859	156
6860	193
6861	120
6862	110
6863	175
6864	184
6865	171
6866	117
6867	189
6868	168
6869	136
6870	121
6871	137
6872	188
6873	198
6874	179
6875	126
6876	103
6877	125
6878	107
6879	110
6880	192
6881	134
6882	192
6883	184
6884	194
6885	105
6886	115
6887	101
6888	159
6889	169
6890	131
6891	160
6892	149
6893	151
6894	173
6895	168
6896	107
6897	197
6898	194
6899	102
6900	168
6901	179
6902	118
6903	100
6904	107
6905	196
6906	145
6907	197
6908	147
6909	190
6910	137
6911	162
6912	139
6913	149
6914	114
6915	106
6916	188
6917	145
6918	162
6919	114
6920	148
6921	175
6922	151
6923	165
6924	164
6925	197
6926	123
6927	143
6928	186
6929	118
6930	168
6931	166
6932	199
6933	143
6934	196
6935	191
6936	137
6937	125
6938	113
6939	154
6940	165
6941	100
6942	102
6943	128
6944	161
6945	162
6946	117
6947	117
6948	138
6949	112
6950	167
6951	193
6952	184
6953	192
6954	157
6955	147
6956	115
6957	137
6958	112
6959	190
6960	153
6961	128
6962	118
6963	145
6964	157
6965	177
6966	122
6967	100
6968	105
6969	118
6970	128
6971	164
6972	144
6973	141
6974	173
6975	149
6976	100
6977	105
6978	188
6979	167
6980	155
6981	102
6982	190
6983	144
6984	182
6985	142
6986	169
6987	106
6988	147
6989	184
6990	136
6991	163
6992	125
6993	159
6994	186
6995	166
6996	168
6997	166
6998	103
6999	104
7000	198
7001	199.857897953
7002	199.708690803
7003	199.552023296
7004	199.387522413
7005	199.214796486
7006	199.033434263
7007	198.843003929
7008	198.643052078
7009	198.433102634
7010	198.212655719
7011	197.981186457
7012	197.738143733
7013	197.482948872
7014	197.214994268
7015	196.933641934
7016	196.638221984
7017	196.328031035
7018	196.00233054
7019	195.660345019
7020	195.301260223
7021	194.924221187
7022	194.528330198
7023	194.112644661
7024	193.676174847
7025	193.217881542
7026	192.736673571
7027	192.231405202
7028	191.700873415
7029	191.143815039
7030	190.558903743
7031	189.944746883
7032	189.29988218
7033	188.622774241
7034	187.911810906
7035	187.165299404
7036	186.381462326
7037	185.558433395
7038	184.694253018
7039	183.786863621
7040	182.834104755
7041	181.833707945
7042	180.783291295
7043	179.680353812
7044	178.522269456
7045	177.306280881
7046	176.029492878
7047	174.688865474
7048	173.2812067
7049	171.803164988
7050	170.25122119
7051	168.621680202
7052	166.910662165
7053	165.114093226
7054	163.22769584
7055	161.246978584
7056	159.167225466
7057	156.983484692
7058	154.690556879
7059	152.282982676
7060	149.755029762
7061	147.100679203
7062	144.313611116
7063	141.387189624
7064	138.314447058
7065	135.088067363
7066	131.700368684
7067	128.143285071
7068	124.408347277
7069	120.486662593
7070	116.368893676
7071	112.045236312
7072	107.50539608
7073	102.738563837
7074	97.7333899814
7075	92.477957433
7076	86.9597532573
7077	81.1656388728
7078	75.081818769
7079	68.6938076601
7080	61.9863959957
7081	54.943613748
7082	47.548692388
7083	39.78402496
7084	31.6311241607
7085	23.0705783213
7086	14.08200519
7087	4.64400340205
7088	0
7089	0
7090	0
7091	0
7092	0
7093	0
7094	0
7095	0
7096	0
7097	0
7098	0
7099	0
7100	0
7101	0
7102	0
7103	0
7104	0
7105	0
7106	0
7107	0
7108	0
7109	0
7110	0
7111	0
7112	0
7113	0
7114	0
7115	0
7116	0
7117	0
7118	0
7119	0
7120	0
7121	0
7122	0
7123	0
7124	0
7125	0
7126	0
7127	0
7128	0
7129	0
7130	0
7131	0
7132	0
7133	0
7134	0
7135	0
7136	0
7137	0
7138	0
7139	0
7140	0
7141	0
7142	0
7143	0
7144	0
7145	0
7146	0
7147	0
7148	0
7149	0
7150	0
7151	0
7152	0
7153	0
7154	0
7155	0
7156	0
7157	0
7158	0
7159	0
7160	0
7161	0
7162	0
7163	0
7164	0
7165	0
7166	0
7167	0
7168	0
7169	0
7170	0
7171	0
7172	0
7173	0
7174	0
7175	0
7176	0
7177	0
7178	0
7179	0
7180	0
7181	0
7182	0
7183	0
7184	0
7185	0
7186	0
7187	0
7188	0
7189	0
7190	0
7191	0
7192	0
7193	0
7194	0
7195	0
7196	0
7197	0
7198	0
7199	0
7200	0
7201	0
7202	0
7203	0
7204	0
7205	0
7206	0
7207	0
7208	0
7209	0
7210	0
7211	0
7212	0
7213	0
7214	0
7215	0
7216	0
7217	0
7218	0
7219	0
7220	0
7221	0
7222	0
7223	0
7224	0
7225	0
7226	0
7227	0
7228	0
7229	0
7230	0
7231	0
7232	0
7233	0
7234	0
7235	0
7236	0
7237	0
7238	0
7239	0
7240	0
7241	0
7242	0
7243	0
7244	0
7245	0
7246	0
7247	0
7248	0
7249	0
7250	0
7251	0
7252	0
7253	0
7254	0
7255	0
7256	0
7257	0
7258	0
7259	0
7260	0
7261	0
7262	0
7263	0
7264	0
7265	0
7266	0
7267	0
7268	0
7269	0
7270	0
7271	0
7272	0
7273	0
7274	0
7275	0
7276	0
7277	0
7278	0
7279	0
7280	0
7281	0
7282	0
7283	0
7284	0
7285	0
7286	0
7287	0
7288	0
7289	0
7290	0
7291	0
7292	0
7293	0
7294	0
7295	0
7296	0
7297	0
7298	0
7299	0
7300	0
7301	0
7302	0
7303	0
7304	0
7305	0
7306	0
7307	0
7308	0
7309	0
7310	0
7311	0
7312	0
7313	0
7314	0
7315	0
7316	0
7317	0
7318	0
7319	0
7320	0
7321	0
7322	0
7323	0
7324	0
7325	0
7326	0
7327	0
7328	0
7329	0
7330	0
7331	0
7332	0
7333	0
7334	0
7335	0
7336	0
7337	0
7338	0
7339	0
7340	0
7341	0
7342	0
7343	0
7344	0
7345	0
7346	0
7347	0
7348	0
7349	0
7350	0
7351	0
7352	0
7353	0
7354	0
7355	0
7356	0
7357	0
7358	0
7359	0
7360	0
7361	0
7362	0
7363	0
7364	0
7365	0
7366	0
7367	0
7368	0
7369	0
7370	0
7371	0
7372	0
7373	0
7374	0
7375	0
7376	0
7377	0
7378	0
7379	0
7380	0
7381	0
7382	0
7383	0
7384	0
7385	0
7386	0
7387	0
7388	0
7389	0
7390	0
7391	0
7392	0
7393	0
7394	0
7395	0
7396	0
7397	0
7398	0
7399	0
7400	0
7401	0
7402	0
7403	0
7404	0
7405	0
7406	0
7407	0
7408	0
7409	0
7410	0
7411	0
7412	0
7413	0
7414	0
7415	0
7416	0
7417	0
7418	0
7419	0
7420	0
7421	0
7422	0
7423	0
7424	0
7425	0
7426	0
7427	0
7428	0
7429	0
7430	0
7431	0
7432	0
7433	0
7434	0
7435	0
7436	0
7437	0
7438	0
7439	0
7440	0
7441	0
7442	0
7443	0
7444	0
7445	0
7446	0
7447	0
7448	0
7449	0
7450	0
7451	0
7452	0
7453	0
7454	0
7455	0
7456	0
7457	0
7458	0
7459	0
7460	0
7461	0
7462	0
7463	0
7464	0
7465	0
7466	0
7467	0
7468	0
7469	0
7470	0
7471	0
7472	0
7473	0
7474	0
7475	0
7476	0
7477	0
7478	0
7479	0
7480	0
7481	0
7482	0
7483	0
7484	0
7485	0
7486	0
7487	0
7488	0
7489	0
7490	0
7491	0
7492	0
7493	0
7494	0
7495	0
7496	0
7497	0
7498	0
7499	0
7500	0
7501	0
7502	0
7503	0
7504	0
7505	0
7506	0
7507	0
7508	0
7509	0
7510	0
7511	0
7512	0
7513	0
7514	0
7515	0
7516	0
7517	0
7518	0
7519	0
7520	0
7521	0
7522	0
7523	0
7524	0
7525	0
7526	0
7527	0
7528	0
7529	0
7530	0
7531	0
7532	0
7533	0
7534	0
7535	0
7536	0
7537	0
7538	0
7539	0
7540	0
7541	0
7542	0
7543	0
7544	0
7545	0
7546	0
7547	0
7548	0
7549	0
7550	0
7551	0
7552	0
7553	0
7554	0
7555	0
7556	0
7557	0
7558	0
7559	0
7560	0
7561	0
7562	0
7563	0
7564	0
7565	0
7566	0
7567	0
7568	0
7569	0
7570	0
7571	0
7572	0
7573	0
7574	0
7575	0
7576	0
7577	0
7578	0
7579	0
7580	0
7581	0
7582	0
7583	0
7584	0
7585	0
7586	0
7587	0
7588	0
7589	107
7590	151
7591	138
7592	152
7593	194
7594	136
7595	119
7596	187
7597	124
7598	106
7599	104
7600	171
7601	131
7602	103
7603	141
7604	107
7605	179
7606	192
7607	162
7608	148
7609	175
7610	146
7611	114
7612	179
7613	155
7614	125
7615	146
7616	158
7617	161
7618	194
7619	171
7620	100
7621	134
7622	173
7623	135
7624	156
7625	114
7626	156
7627	107
7628	165
7629	200
7630	169
7631	103
7632	119
7633	126
7634	198
7635	165
7636	104
7637	110
7638	150
7639	120
7640	194
7641	169
7642	140
7643	124
7644	102
7645	107
7646	166
7647	121
7648	116
7649	135
7650	196
7651	101
7652	112
7653	164
7654	146
7655	149
7656	173
7657	164
7658	194
7659	154
7660	198
7661	194
7662	162
7663	183
7664	123
7665	180
7666	150
7667	182
7668	197
7669	144
7670	154
7671	125
7672	140
7673	158
7674	135
7675	168
7676	174
7677	166
7678	108
7679	113
7680	168
7681	110
7682	171
7683	139
7684	126
7685	195
7686	185
7687	105
7688	144
7689	161
7690	107
7691	121
7692	168
7693	127
7694	139
7695	105
7696	162
7697	155
7698	138
7699	106
7700	111
7701	182
7702	124
7703	119
7704	157
7705	146
7706	123
7707	174
7708	110
7709	139
7710	144
7711	134
7712	160
7713	179
7714	112
7715	108
7716	143
7717	103
7718	169
7719	188
7720	122
7721	135
7722	110
7723	126
7724	172
7725	111
7726	189
7727	163
7728	111
7729	170
7730	162
7731	189
7732	109
7733	128
7734	172
7735	134
7736	146
7737	106
7738	169
7739	154
7740	146
7741	157
7742	155
7743	109
7744	185
7745	132
7746	104
7747	169
7748	125
7749	102
7750	160
7751	176
7752	163
7753	177
7754	199
7755	197
7756	126
7757	126
7758	176
7759	110
7760	104
7761	129
7762	127
7763	162
7764	127
7765	156
7766	175
7767	122
7768	133
7769	184
7770	163
7771	166
7772	190
7773	162
7774	133
7775	169
7776	196
7777	184
7778	104
7779	191
7780	119
7781	170
7782	192
7783	119
7784	125
7785	132
7786	158
7787	166
7788	194
7789	162
7790	115
7791	141
7792	190
7793	178
7794	178
7795	146
7796	126
7797	134
7798	185
7799	156
7800	195
7801	172
7802	114
7803	156
7804	103
7805	139
7806	167
7807	106
7808	166
7809	115
7810	159
7811	193
7812	158
7813	179
7814	143
7815	119
7816	104
7817	111
7818	111
7819	170
7820	125
7821	182
7822	124
7823	117
7824	112
7825	123
7826	121
7827	129
7828	147
7829	187
7830	106
7831	169
7832	103
7833	115
7834	131
7835	140
7836	124
7837	120
7838	114
7839	142
7840	100
7841	182
7842	197
7843	158
7844	162
7845	200
7846	122
7847	157
7848	142
7849	187
7850	130
7851	171
7852	112
7853	116
7854	133
7855	162
7856	183
7857	104
7858	180
7859	135
7860	135
7861	154
7862	162
7863	186
7864	109
7865	135
7866	146
7867	119
7868	140
7869	168
7870	122
7871	105
7872	154
7873	195
7874	123
7875	187
7876	136
7877	122
7878	191
7879	149
7880	169
7881	119
7882	143
7883	106
7884	199
7885	152
7886	124
7887	161
7888	122
7889	141
7890	122
7891	153
7892	100
7893	147
7894	126
7895	124
7896	114
7897	178
7898	164
7899	178
7900	162
7901	200
7902	191
7903	107
7904	169
7905	135
7906	127
7907	153
7908	174
7909	187
7910	112
7911	171
7912	149
7913	122
7914	128
7915	187
7916	154
7917	133
7918	200
7919	115
7920	171
7921	100
7922	143
7923	177
7924	106
7925	108
7926	190
7927	157
7928	145
7929	146
7930	117
7931	155
7932	156
7933	158
7934	130
7935	187
7936	145
7937	188
7938	173
7939	178
7940	140
7941	184
7942	137
7943	105
7944	157
7945	192
7946	190
7947	175
7948	186
7949	107
7950	156
7951	131
7952	173
7953	160
7954	199
7955	177
7956	187
7957	196
7958	123
7959	178
7960	101
7961	120
7962	197
7963	128
7964	185
7965	172
7966	152
7967	172
7968	102
7969	165
7970	100
7971	156
7972	107
7973	183
7974	173
7975	157
7976	146
7977	143
7978	167
7979	172
7980	166
7981	191
7982	153
7983	117
7984	198
7985	117
7986	135
7987	134
7988	187
7989	172
7990	166
7991	175
7992	190
7993	137
7994	185
7995	181
7996	111
7997	148
7998	150
7999	183
8000	184
8001	0
8002	0
8003	0
8004	0
8005	0
8006	0
8007	0
8008	0
8009	0
8010	0
8011	0
8012	0
8013	0
8014	0
8015	0
8016	0
8017	0
8018	0
8019	0
8020	0
8021	0
8022	0
8023	0
8024	0
8025	0
8026	0
8027	0
8028	0
8029	0
8030	0
8031	0
8032	0
8033	0
8034	0
8035	0
8036	0
8037	0
8038	0
8039	0
8040	0
8041	0
8042	0
8043	0
8044	0
8045	0
8046	0
8047	0
8048	0
8049	0
8050	0
8051	0
8052	0
8053	0
8054	0
8055	0
8056	0
8057	0
8058	0
8059	0
8060	0
8061	0
8062	0
8063	0
8064	0
8065	0
8066	0
8067	0
8068	0
8069	0
8070	0
8071	0
8072	0
8073	0
8074	0
8075	0
8076	0
8077	0
8078	0
8079	0
8080	0
8081	0
8082	0
8083	0
8084	0
8085	0
8086	0
8087	0
8088	0
8089	0
8090	0
8091	0
8092	0
8093	0
8094	0
8095	0
8096	0
8097	0
8098	0
8099	0
8100	0
8101	0
8102	0
8103	0
8104	0
8105	0
8106	0
8107	0
8108	0
8109	0
8110	0
8111	0
8112	0
8113	0
8114	0
8115	0
8116	0
8117	0
8118	0
8119	0
8120	0
8121	0
8122	0
8123	0
8124	0
8125	0
8126	0
8127	0
8128	0
8129	0
8130	0
8131	0
8132	0
8133	0
8134	0
8135	0
8136	0
8137	0
8138	0
8139	0
8140	0
8141	0
8142	0
8143	0
8144	0
8145	0
8146	0
8147	0
8148	0
8149	0
8150	0
8151	0
8152	0
8153	0
8154	0
8155	0
8156	0
8157	0
8158	0
8159	0
8160	0
8161	0
8162	0
8163	0
8164	0
8165	0
8166	0
8167	0
8168	0
8169	0
8170	0
8171	0
8172	0
8173	0
8174	0
8175	0
8176	0
8177	0
8178	0
8179	0
8180	0
8181	0
8182	0
8183	0
8184	0
8185	0
8186	0
8187	0
8188	0
8189	0
8190	0
8191	0
8192	0
8193	0
8194	0
8195	0
8196	0
8197	0
8198	0
8199	0
8200	0
8201	0
8202	0
8203	0
8204	0
8205	0
8206	0
8207	0
8208	0
8209	0
8210	0
8211	0
8212	0
8213	0
8214	0
8215	0
8216	0
8217	0
8218	0
8219	0
8220	0
8221	0
8222	0
8223	0
8224	0
8225	0
8226	0
8227	0
8228	0
8229	0
8230	0
8231	0
8232	0
8233	0
8234	0
8235	0
8236	0
8237	0
8238	0
8239	0
8240	0
8241	0
8242	0
8243	0
8244	0
8245	0
8246	0
8247	0
8248	0
8249	0
8250	0
8251	0
8252	0
8253	0
8254	0
8255	0
8256	0
8257	0
8258	0
8259	0
8260	0
8261	0
8262	0
8263	0
8264	0
8265	0
8266	0
8267	0
8268	0
8269	0
8270	0
8271	0
8272	0
8273	0
8274	0
8275	0
8276	0
8277	0
8278	0
8279	0
8280	0
8281	0
8282	0
8283	0
8284	0
8285	0
8286	0
8287	0
8288	0
8289	0
8290	0
8291	0
8292	0
8293	0
8294	0
8295	0
8296	0
8297	0
8298	0
8299	0
8300	0
8301	0
8302	0
8303	0
8304	0
8305	0
8306	0
8307	0
8308	0
8309	0
8310	0
8311	0
8312	0
8313	0
8314	0
8315	0
8316	0
8317	0
8318	0
8319	0
8320	0
8321	0
8322	0
8323	0
8324	0
8325	0
8326	0
8327	0
8328	0
8329	0
8330	0
8331	0
8332	0
8333	0
8334	0
8335	0
8336	0
8337	0
8338	0
8339	0
8340	0
8341	0
8342	0
8343	0
8344	0
8345	0
8346	0
8347	0
8348	0
8349	0
8350	0
8351	0
8352	0
8353	0
8354	0
8355	0
8356	0
8357	0
8358	0
8359	0
8360	0
8361	0
8362	0
8363	0
8364	0
8365	0
8366	0
8367	0
8368	0
8369	0
8370	0
8371	0
8372	0
8373	0
8374	0
8375	0
8376	0
8377	0
8378	0
8379	0
8380	0
8381	0
8382	0
8383	0
8384	0
8385	0
8386	0
8387	0
8388	0
8389	0
8390	0
8391	0
8392	0
8393	0
8394	0
8395	0
8396	0
8397	0
8398	0
8399	0
8400	0
8401	0
8402	0
8403	0
8404	0
8405	0
8406	0
8407	0
8408	0
8409	0
8410	0
8411	0
8412	0
8413	0
8414	0
8415	0
8416	0
8417	0
8418	0
8419	0
8420	0
8421	0
8422	0
8423	0
8424	0
8425	0
8426	0
8427	0
8428	0
8429	0
8430	0
8431	0
8432	0
8433	0
8434	0
8435	0
8436	0
8437	0
8438	0
8439	0
8440	0
8441	0
8442	0
8443	0
8444	0
8445	0
8446	0
8447	0
8448	0
8449	0
8450	0
8451	0
8452	0
8453	0
8454	0
8455	0
8456	0
8457	0
8458	0
8459	0
8460	0
8461	0
8462	0
8463	0
8464	0
8465	0
8466	0
8467	0
8468	0
8469	0
8470	0
8471	0
8472	0
8473	0
8474	0
8475	0
8476	0
8477	0
8478	0
8479	0
8480	0
8481	0
8482	0
8483	0
8484	0
8485	0
8486	0
8487	0
8488	0
8489	0
8490	0
8491	0
8492	0
8493	0
8494	0
8495	0
8496	0
8497	0
8498	0
8499	0
8500	0
8501	128
8502	184
8503	102
8504	162
8505	108
8506	113
8507	130
8508	178
8509	170
8510	134
8511	174
8512	104
8513	123
8514	102
8515	112
8516	133
8517	169
8518	142
8519	173
8520	127
8521	104
8522	169
8523	170
8524	149
8525	112
8526	186
8527	148
8528	132
8529	144
8530	126
8531	141
8532	119
8533	143
8534	187
8535	152
8536	151
8537	150
8538	116
8539	119
8540	113
8541	132
8542	199
8543	157
8544	200
8545	181
8546	114
8547	124
8548	121
8549	195
8550	111
8551	168
8552	176
8553	111
8554	198
8555	156
8556	192
8557	131
8558	121
8559	173
8560	174
8561	149
8562	130
8563	198
8564	142
8565	186
8566	154
8567	105
8568	117
8569	160
8570	170
8571	131
8572	137
8573	107
8574	126
8575	162
8576	135
8577	185
8578	141
8579	164
8580	194
8581	123
8582	108
8583	184
8584	174
8585	200
8586	100
8587	127
8588	102
8589	145
8590	135
8591	194
8592	137
8593	181
8594	106
8595	192
8596	173
8597	151
8598	115
8599	133
8600	118
8601	155
8602	174
8603	158
8604	200
8605	117
8606	189
8607	164
8608	147
8609	165
8610	149
8611	126
8612	127
8613	167
8614	155
8615	129
8616	142
8617	128
8618	123
8619	142
8620	168
8621	131
8622	171
8623	158
8624	186
8625	130
8626	172
8627	157
8628	147
8629	139
8630	104
8631	112
8632	188
8633	163
8634	130
8635	189
8636	104
8637	117
8638	151
8639	107
8640	190
8641	128
8642	128
8643	143
8644	182
8645	179
8646	169
8647	191
8648	182
8649	164
8650	129
8651	135
8652	168
8653	101
8654	175
8655	176
8656	110
8657	137
8658	106
8659	123
8660	116
8661	131
8662	144
8663	151
8664	169
8665	187
8666	125
8667	120
8668	100
8669	131
8670	152
8671	179
8672	154
8673	181
8674	120
8675	160
8676	185
8677	182
8678	180
8679	175
8680	107
8681	106
8682	147
8683	124
8684	139
8685	117
8686	114
8687	117
8688	112
8689	172
8690	151
8691	193
8692	191
8693	168
8694	130
8695	128
8696	173
8697	134
8698	128
8699	156
8700	153
8701	184
8702	122
8703	169
8704	198
8705	119
8706	105
8707	127
8708	193
8709	193
8710	115
8711	192
8712	156
8713	191
8714	118
8715	180
8716	186
8717	106
8718	168
8719	113
8720	190
8721	171
8722	190
8723	175
8724	193
8725	153
8726	179
8727	108
8728	180
8729	140
8730	120
8731	132
8732	181
8733	147
8734	136
8735	177
8736	113
8737	197
8738	110
8739	113
8740	147
8741	171
8742	186
8743	129
8744	182
8745	130
8746	136
8747	138
8748	182
8749	159
8750	176
8751	194
8752	154
8753	106
8754	188
8755	157
8756	110
8757	181
8758	187
8759	199
8760	160
8761	119
8762	117
8763	147
8764	187
8765	138
8766	148
8767	162
8768	114
8769	149
8770	128
8771	161
8772	132
8773	100
8774	180
8775	110
8776	156
8777	189
8778	161
8779	107
8780	178
8781	166
8782	179
8783	128
8784	160
8785	133
8786	154
8787	200
8788	179
8789	195
8790	183
8791	172
8792	161
8793	101
8794	134
8795	155
8796	178
8797	164
8798	179
8799	172
8800	158
8801	183
8802	119
8803	130
8804	159
8805	188
8806	150
8807	100
8808	167
8809	148
8810	140
8811	126
8812	137
8813	100
8814	163
8815	165
8816	146
8817	168
8818	192
8819	133
8820	102
8821	117
8822	105
8823	145
8824	132
8825	181
8826	111
8827	182
8828	177
8829	174
8830	192
8831	100
8832	175
8833	162
8834	167
8835	191
8836	133
8837	125
8838	150
8839	139
8840	154
8841	194
8842	141
8843	110
8844	154
8845	132
8846	148
8847	170
8848	151
8849	107
8850	160
8851	105
8852	117
8853	186
8854	155
8855	196
8856	160
8857	189
8858	112
8859	114
8860	159
8861	130
8862	137
8863	176
8864	145
8865	168
8866	146
8867	101
8868	146
8869	106
8870	168
8871	180
8872	154
8873	113
8874	196
8875	196
8876	125
8877	106
8878	158
8879	112
8880	139
8881	196
8882	140
8883	193
8884	132
8885	110
8886	115
8887	124
8888	195
8889	139
8890	151
8891	131
8892	107
8893	145
8894	116
8895	142
8896	126
8897	143
8898	183
8899	152
8900	159
8901	192
8902	182
8903	186
8904	161
8905	148
8906	141
8907	196
8908	165
8909	164
8910	111
8911	126
8912	180
8913	106
8914	174
8915	181
8916	167
8917	177
8918	179
8919	182
8920	179
8921	108
8922	174
8923	193
8924	171
8925	173
8926	141
8927	163
8928	163
8929	174
8930	162
8931	108
8932	149
8933	124
8934	161
8935	136
8936	102
8937	110
8938	173
8939	114
8940	110
8941	147
8942	114
8943	187
8944	178
8945	128
8946	150
8947	165
8948	185
8949	180
8950	139
8951	177
8952	116
8953	163
8954	129
8955	126
8956	136
8957	194
8958	107
8959	147
8960	121
8961	109
8962	167
8963	194
8964	132
8965	194
8966	173
8967	101
8968	114
8969	164
8970	191
8971	189
8972	109
8973	186
8974	179
8975	149
8976	180
8977	179
8978	157
8979	200
8980	168
8981	114
8982	176
8983	163
8984	102
8985	157
8986	190
8987	120
8988	165
8989	111
8990	186
8991	131
8992	188
8993	177
8994	104
8995	187
8996	199
8997	171
8998	166
8999	168
9000	159
